50 205
1 43
43 46
46 37
37 33
33 49
49 45
45 11
11 19
19 48
48 5
5 3
3 22
22 21
21 12
12 9
9 29
29 30
30 44
44 24
24 18
18 38
38 35
35 14
14 31
31 42
42 28
28 8
8 36
36 7
7 26
26 23
23 6
6 13
13 2
2 4
4 40
40 16
16 15
15 41
41 39
39 10
10 47
47 20
20 25
25 50
50 34
34 32
32 27
27 17
7 15
21 44
13 41
19 24
22 25
4 30
31 34
10 43
12 35
34 44
18 19
7 39
10 25
5 22
9 11
2 40
14 49
18 26
30 32
22 26
15 32
39 45
6 18
1 16
7 8
11 38
3 36
13 44
4 50
14 46
24 46
4 38
23 31
30 39
39 40
20 29
32 47
40 41
5 38
17 47
7 12
46 47
18 39
22 35
12 20
2 44
40 42
18 29
2 37
31 47
5 33
11 41
42 45
3 14
18 48
5 16
24 43
21 33
4 18
13 18
40 45
10 23
7 24
5 46
14 18
6 11
4 31
2 39
5 47
10 44
26 31
21 38
28 41
22 45
31 35
15 23
10 22
13 19
4 37
27 34
9 45
15 21
11 47
22 31
12 30
14 20
7 11
9 27
26 34
3 33
44 45
26 29
38 43
18 33
10 42
25 43
47 49
25 27
5 25
14 21
7 14
3 15
26 48
10 13
2 15
29 34
25 48
19 21
8 30
3 50
13 16
20 23
6 8
23 30
36 47
11 31
15 25
29 31
8 31
8 11
3 32
22 27
25 41
1 27
18 36
14 23
17 50
9 35
12 22
21 39
43 49
2 38
13 29
38 47
24 32
35 37
11 23
9 50
13 42
32 41
2 47
8 29
4 19
26 30
13 48
4 11
1 42
34 43
2 49
29 32
30 47
37 39
22 24
21 24
26 38
15 47
