100 9505
1 56 2
56 44 3
44 89 2
89 38 3
38 95 3
95 32 3
32 29 2
29 2 3
2 46 2
46 83 3
83 58 3
58 37 1
37 13 2
13 78 3
78 55 2
55 100 2
10 77 3
36 18 2
1 72 2
20 54 3
11 35 1
65 93 2
67 39 3
31 39 3
64 47 3
57 62 3
19 42 2
96 42 2
41 51 3
43 44 2
39 10 2
67 93 3
48 20 2
21 9 2
86 18 3
38 33 2
67 57 3
50 96 3
99 91 1
91 78 3
75 77 3
35 96 3
41 35 3
90 65 3
14 26 1
37 94 2
11 8 3
5 47 2
41 49 2
48 30 3
13 52 2
48 78 2
75 68 3
58 83 3
51 78 2
41 22 3
76 22 2
32 88 2
10 45 3
53 45 3
86 42 2
99 33 3
89 90 1
23 92 2
76 12 3
15 36 2
1 15 2
24 69 3
90 27 3
93 10 2
54 68 3
77 93 3
9 31 2
20 86 3
43 57 1
29 50 3
43 27 3
3 39 2
85 18 2
67 45 3
56 57 1
76 69 2
72 80 3
60 22 1
70 85 2
66 45 3
66 60 3
80 54 3
34 88 3
93 35 3
2 33 2
63 90 3
33 44 2
74 76 2
25 8 3
73 45 2
95 71 3
63 54 3
23 81 3
96 14 2
59 53 3
46 27 1
74 46 2
66 5 3
91 40 3
80 20 2
74 24 3
35 76 2
45 89 2
80 46 3
98 56 1
77 95 2
77 90 3
3 68 3
17 73 2
52 4 3
36 68 2
75 94 2
25 22 3
89 17 1
63 6 2
45 59 3
74 17 1
35 33 2
47 80 3
15 29 1
70 8 2
79 65 3
48 69 2
54 9 2
31 33 3
33 48 1
20 76 2
47 44 3
52 78 2
41 48 3
86 9 3
22 46 1
7 83 3
30 40 3
35 99 2
39 76 3
14 52 3
16 94 3
17 20 3
57 47 3
74 53 1
9 3 3
82 61 3
35 23 2
33 93 2
78 77 3
51 95 1
65 89 2
94 55 3
42 2 2
63 15 3
47 20 3
17 90 3
51 57 2
12 54 3
77 11 2
62 77 2
67 79 3
57 68 2
44 5 2
81 33 3
39 4 2
71 83 2
94 69 3
81 89 1
52 54 2
88 49 3
13 80 3
5 19 3
69 67 3
13 73 3
75 83 2
37 14 3
20 97 1
1 76 2
12 81 3
97 75 1
41 26 2
56 34 3
52 23 1
54 31 2
71 60 3
7 70 1
37 76 3
79 53 3
24 48 3
10 83 2
62 56 3
58 67 1
95 42 2
78 12 3
58 36 1
45 93 2
93 90 3
75 34 1
10 47 2
16 82 3
99 65 3
75 31 2
90 96 3
99 10 1
94 38 2
90 38 3
77 58 1
76 99 2
97 90 3
94 37 2
89 77 2
26 70 3
19 70 1
12 72 3
27 32 3
85 44 3
42 18 2
10 62 3
25 32 2
96 31 3
97 65 3
99 56 2
35 86 3
43 87 3
50 2 1
18 19 2
37 83 3
30 76 1
60 72 2
10 54 3
79 5 1
33 85 2
57 92 3
67 23 1
49 52 2
85 7 3
93 59 3
67 82 3
71 14 3
96 32 2
75 50 2
13 51 3
56 52 1
11 61 2
97 86 3
63 89 1
99 26 2
33 20 3
65 31 3
14 38 2
34 29 3
73 14 1
77 20 3
12 65 3
71 64 2
13 91 2
40 41 3
15 30 3
48 81 3
51 99 3
65 26 3
94 3 3
81 46 3
26 47 3
83 95 3
34 83 3
45 84 1
63 94 2
7 96 3
35 24 2
15 14 3
62 52 3
58 14 1
66 90 2
78 60 3
56 68 3
18 61 2
68 49 3
8 47 1
33 21 3
48 73 3
44 84 1
93 87 3
8 50 3
76 60 1
85 58 3
36 97 3
96 65 3
44 61 2
31 78 3
80 100 1
55 76 2
72 92 3
82 77 2
63 40 3
86 11 3
45 99 3
93 41 3
57 83 3
96 34 3
54 28 2
97 7 3
81 43 3
45 91 2
76 67 3
99 72 3
69 18 2
79 22 3
7 68 3
71 12 2
48 80 3
3 89 1
80 69 2
86 3 3
80 83 3
88 41 3
34 5 3
71 16 2
71 46 2
2 38 3
13 94 1
22 23 3
23 33 3
16 7 2
41 96 2
44 37 3
81 62 3
26 25 3
48 82 3
30 20 1
13 96 3
45 76 3
20 16 3
49 55 2
23 49 3
11 40 2
12 44 2
91 41 3
12 82 3
66 22 3
58 48 3
73 92 1
44 41 2
19 62 3
70 90 2
26 64 2
54 93 3
75 99 3
15 46 3
42 27 3
64 5 3
28 44 3
35 43 3
5 50 1
15 28 2
23 3 3
14 58 1
4 77 2
97 66 3
57 73 1
92 16 3
23 15 3
3 52 2
83 99 3
33 41 3
7 99 3
95 57 3
70 9 3
18 60 2
77 10 3
91 87 3
44 49 3
1 87 2
12 50 3
82 22 2
76 20 2
30 21 3
14 2 1
32 92 3
46 81 3
27 37 2
69 94 3
53 44 3
3 7 3
20 91 3
20 98 3
75 73 2
27 85 2
13 15 3
87 92 1
1 7 2
26 49 3
46 57 1
25 81 2
64 87 3
65 18 3
12 63 3
1 2 3
40 35 1
92 86 2
10 43 3
9 86 3
25 27 3
9 18 3
33 4 1
69 74 3
28 26 3
44 83 3
18 36 2
87 77 3
11 74 3
54 46 2
57 87 3
41 36 1
15 33 2
54 6 3
90 40 2
94 97 3
94 44 3
81 77 2
62 73 2
79 91 3
91 23 3
21 65 2
99 12 3
71 91 3
2 7 3
70 48 3
4 3 2
57 74 3
36 42 3
20 21 2
92 81 2
51 87 3
55 39 3
73 93 3
30 28 3
96 98 3
81 93 3
35 45 3
64 52 2
67 2 2
9 38 3
31 81 1
15 78 2
70 80 3
19 65 3
45 28 3
29 51 3
47 57 3
59 72 3
47 90 3
28 92 3
41 100 2
11 24 3
31 10 1
77 21 2
33 75 3
48 70 3
21 22 2
59 7 3
9 34 1
38 17 3
56 10 3
78 51 2
84 30 3
41 94 3
81 34 1
83 92 2
92 3 3
38 64 3
68 95 3
14 21 3
80 74 1
6 76 2
49 64 3
91 27 3
67 46 2
48 85 3
35 8 1
44 50 2
62 41 3
49 2 3
50 54 3
62 19 3
97 4 3
81 29 2
42 35 3
78 48 2
42 12 2
74 61 3
53 5 3
76 87 2
52 71 3
45 10 3
33 19 2
16 70 3
44 79 3
14 64 2
38 90 3
3 46 3
77 24 2
51 98 3
20 57 3
33 38 2
57 89 3
88 4 3
9 82 2
81 14 3
65 61 3
25 41 2
60 15 3
6 56 2
44 33 2
72 70 3
46 18 1
46 67 2
23 56 3
56 29 3
92 7 2
79 7 3
55 33 3
31 21 2
90 72 3
52 49 2
57 52 2
32 64 3
47 54 1
2 69 2
11 38 3
68 33 1
2 62 2
38 4 3
70 34 1
24 19 2
21 90 3
44 82 1
50 100 2
76 45 3
89 32 3
82 66 2
89 27 3
64 15 2
56 7 2
52 22 3
66 85 1
3 59 2
62 55 3
69 93 3
44 63 3
54 15 3
34 75 1
70 73 2
98 34 3
11 59 1
87 100 2
11 30 3
84 45 1
54 40 2
87 63 3
37 93 3
11 99 2
88 6 3
73 69 3
87 95 3
5 3 3
65 74 3
89 30 2
34 96 3
92 54 1
64 70 2
81 23 3
67 69 3
83 36 2
65 71 3
84 59 1
75 100 2
71 77 3
29 16 3
28 67 2
15 63 3
19 36 2
95 17 2
8 89 3
61 5 3
45 42 2
52 65 3
56 26 3
99 78 2
39 15 3
22 84 1
78 24 2
18 73 3
43 33 1
99 100 2
44 47 3
88 65 3
62 44 2
60 67 3
85 69 1
50 66 3
21 33 3
9 77 3
54 2 2
35 22 3
48 56 2
27 5 2
61 27 3
60 61 1
2 60 2
43 50 3
28 25 3
23 6 2
67 89 3
69 9 3
27 8 2
27 91 3
30 45 1
5 21 2
13 23 3
61 24 2
34 23 2
94 88 3
64 79 1
54 43 3
50 52 3
60 11 3
1 94 2
2 43 3
87 73 3
62 35 2
43 25 3
47 30 3
84 87 2
74 15 3
89 82 1
86 22 3
72 35 3
73 15 1
70 2 2
35 6 3
29 89 1
90 5 2
28 62 3
64 3 1
30 63 2
45 53 3
44 14 1
81 71 2
60 97 3
29 58 1
98 92 2
4 72 3
30 53 1
32 25 2
70 47 3
99 81 3
89 53 2
72 9 3
26 61 2
22 28 2
81 87 3
80 52 2
89 20 3
25 83 3
22 59 3
61 66 2
57 94 3
26 19 1
46 34 3
1 42 3
12 24 3
65 73 2
99 62 3
55 95 3
28 22 2
93 81 3
20 7 1
60 47 2
19 17 3
3 33 3
23 42 3
39 43 3
28 38 2
79 72 2
65 40 3
38 18 2
75 40 2
54 41 3
41 83 1
38 83 2
30 46 3
88 74 1
97 22 2
62 4 3
39 96 3
42 96 2
39 66 3
11 72 1
26 35 3
98 70 3
94 74 1
88 69 3
1 77 3
21 44 3
46 44 2
49 28 3
47 65 1
16 42 3
92 42 3
53 55 1
12 11 3
2 81 3
36 73 3
6 18 2
44 77 3
66 28 1
42 52 2
85 50 3
14 79 1
90 100 2
1 45 3
7 11 3
72 42 2
88 13 3
79 11 1
81 7 3
86 28 3
48 51 2
92 52 2
47 42 3
58 5 1
30 23 2
8 43 3
77 34 1
69 23 2
5 40 3
15 13 3
28 77 2
28 36 3
34 2 1
29 33 2
35 49 3
78 57 3
34 18 2
29 69 3
36 55 3
23 27 2
91 58 3
75 79 1
32 39 3
82 38 3
7 23 1
7 30 3
97 26 3
45 81 2
85 73 2
71 63 3
2 34 1
87 79 2
32 28 3
28 29 2
5 15 2
60 75 3
68 39 2
23 30 2
52 41 3
98 37 3
21 75 2
41 16 3
81 67 2
63 2 2
83 81 3
67 63 2
15 37 2
37 35 3
72 49 2
67 99 3
55 17 3
10 56 3
27 60 2
73 8 3
8 29 1
57 35 2
81 97 3
14 44 1
86 66 2
41 74 3
41 84 3
79 45 2
3 96 3
88 34 3
56 78 3
56 46 3
14 31 3
57 40 2
4 48 3
94 80 2
86 77 2
55 71 3
19 37 3
43 45 2
51 88 3
71 21 3
41 38 3
9 52 3
67 22 1
52 85 2
6 94 3
77 100 1
17 77 2
31 26 3
60 45 1
96 79 3
89 86 3
77 47 3
35 66 3
13 72 3
58 72 3
11 77 2
54 80 3
2 80 1
55 67 2
22 40 3
64 55 1
59 19 2
68 62 3
82 74 2
61 62 3
70 68 3
17 32 3
15 96 3
24 42 3
67 29 1
69 33 3
34 8 3
15 60 3
84 39 2
3 47 3
30 42 2
57 28 3
29 37 3
9 13 3
71 45 2
44 91 3
50 94 3
30 5 3
16 22 3
36 96 2
26 98 2
25 43 3
14 3 1
38 45 2
61 4 3
64 65 2
70 78 2
26 66 3
14 37 3
96 12 2
92 27 3
30 78 1
64 39 3
35 78 3
66 44 1
76 40 2
33 86 3
38 15 1
88 67 2
90 17 3
17 26 1
10 98 2
18 15 3
89 62 2
93 71 3
79 23 3
15 54 3
72 91 3
25 51 3
55 53 1
1 49 2
59 87 3
12 66 2
97 18 3
86 15 3
85 43 1
60 12 2
30 83 3
94 83 1
64 21 2
63 11 3
7 21 1
64 95 2
94 46 3
80 21 3
56 18 2
19 6 3
76 73 1
98 78 2
65 90 3
84 60 3
95 44 2
68 75 3
94 76 1
93 24 2
44 36 3
99 44 1
73 97 3
39 88 3
87 84 2
51 9 2
82 50 3
49 38 3
48 36 3
43 89 3
80 45 3
53 71 2
65 50 3
52 70 3
8 62 2
98 14 3
74 91 3
88 77 2
55 8 3
97 11 2
23 57 3
25 17 3
44 57 3
39 29 3
89 98 3
68 96 3
96 90 3
9 6 3
51 22 1
97 61 2
90 60 3
9 92 3
46 19 2
60 70 3
96 50 3
30 33 2
7 45 3
65 23 1
54 77 3
80 41 3
86 63 2
4 96 3
24 100 3
78 90 3
64 37 3
8 55 3
48 77 2
7 8 3
6 53 3
70 64 2
39 20 2
95 72 3
97 57 3
55 99 2
84 51 3
80 33 3
97 34 2
58 96 3
81 13 2
8 52 3
33 80 3
31 82 2
59 68 3
47 2 3
20 18 2
59 36 2
74 98 3
75 88 3
56 62 3
39 91 3
50 40 1
82 49 2
84 98 3
24 41 1
41 46 3
13 77 3
35 71 2
10 70 3
45 22 3
42 28 2
48 25 3
44 81 3
1 81 1
18 54 3
1 41 3
87 76 2
97 19 2
2 10 3
89 81 1
62 100 2
26 75 3
44 80 3
29 100 2
13 71 3
18 43 3
49 41 2
65 53 3
4 27 3
19 66 2
18 77 3
47 3 3
69 65 2
20 67 3
62 51 1
83 5 2
40 97 3
3 69 3
76 91 3
62 63 3
88 38 3
63 26 2
49 71 3
57 56 1
38 79 2
23 18 3
79 67 3
38 5 2
94 12 3
73 76 1
83 65 2
31 96 3
29 55 1
24 26 2
15 92 3
56 4 2
55 78 2
60 92 3
40 43 2
14 60 2
3 12 3
23 7 1
59 64 2
66 48 3
50 57 2
33 79 2
10 60 3
83 50 3
62 36 2
3 85 3
48 18 3
32 40 3
5 37 3
62 82 1
54 81 3
75 12 3
17 39 3
72 44 2
17 3 3
90 20 1
71 42 2
85 61 3
33 13 2
12 67 3
74 97 3
43 85 1
62 7 2
33 69 3
94 23 2
34 85 2
43 59 3
74 94 1
15 91 2
71 23 3
40 24 2
52 64 2
25 71 3
63 42 1
49 12 2
36 56 3
19 99 2
89 39 3
97 31 3
62 13 3
86 68 3
87 86 3
72 85 1
20 81 3
58 49 3
14 12 2
35 31 2
63 27 3
87 7 2
32 49 2
44 51 3
92 57 3
15 97 3
19 45 3
8 14 1
1 17 2
92 77 3
8 27 2
66 96 2
85 97 3
23 13 3
97 56 3
75 70 3
62 98 1
17 6 2
90 58 3
36 80 3
59 97 2
12 32 3
52 88 2
14 49 2
93 57 3
75 46 3
68 64 3
13 63 3
56 5 3
70 25 2
55 36 3
49 67 1
17 53 2
78 96 3
19 94 3
13 36 3
27 98 3
43 77 2
15 100 2
75 18 3
7 10 2
97 27 3
43 83 3
22 44 3
95 3 2
33 9 3
76 13 1
4 57 3
51 75 3
74 67 2
55 18 2
74 54 3
15 73 1
4 78 2
26 87 3
59 6 2
21 20 2
77 14 3
14 40 2
73 39 2
83 80 3
41 11 2
33 76 2
65 25 3
7 9 2
4 59 2
55 22 3
73 82 3
15 64 2
21 85 3
64 96 2
73 41 3
81 56 3
17 4 3
49 4 3
3 54 3
10 71 3
91 2 2
65 46 3
99 82 2
60 57 2
84 29 3
27 34 2
62 72 2
60 26 3
73 98 3
60 42 3
50 62 3
70 62 2
28 5 2
31 72 3
69 95 2
88 63 2
75 61 3
70 96 1
14 19 2
14 15 3
36 100 1
92 71 2
86 13 3
61 11 2
29 83 2
93 23 3
97 13 2
25 12 2
84 82 3
50 87 1
12 83 2
37 56 3
4 23 3
12 56 2
62 30 3
58 54 1
62 18 3
93 31 3
51 55 3
64 41 2
47 18 3
19 69 3
22 37 2
87 4 3
10 87 2
20 42 3
41 13 3
56 13 2
5 83 2
32 11 3
60 27 2
2 73 3
8 16 3
67 35 2
56 80 3
79 90 3
94 63 2
57 48 2
12 79 3
88 96 3
6 67 2
65 22 3
9 80 1
60 25 3
54 86 3
70 44 2
31 85 3
26 32 3
31 47 1
96 45 2
91 64 3
86 70 3
13 100 2
14 87 3
16 47 2
95 37 3
5 84 3
85 94 1
73 24 2
53 29 3
83 19 1
92 96 2
54 53 3
44 16 2
56 43 2
99 88 3
30 98 1
61 74 3
98 51 3
27 84 1
24 20 2
38 88 3
71 2 1
24 51 2
53 21 3
80 39 3
1 13 2
26 86 3
24 6 2
24 96 2
68 10 3
31 60 1
5 42 3
20 23 3
1 33 1
89 45 2
80 66 3
47 60 2
1 74 2
85 99 3
80 28 3
73 70 2
61 65 3
91 38 1
63 78 2
71 94 3
34 69 1
47 58 3
37 54 3
51 13 3
56 48 2
12 17 3
76 57 3
27 69 2
52 46 3
41 24 1
34 87 2
37 19 3
45 54 3
58 66 2
12 62 3
3 63 1
80 14 2
40 51 3
49 54 1
60 83 2
8 81 3
79 69 2
45 64 2
51 25 3
7 71 3
70 50 2
90 32 3
73 64 3
41 19 2
66 31 3
97 89 1
94 98 2
54 97 3
67 11 3
22 20 2
7 2 3
86 55 1
29 66 3
91 19 3
46 14 1
7 31 3
79 61 3
45 83 1
13 44 3
3 97 3
38 16 1
58 40 3
85 46 3
69 28 1
54 73 2
95 66 3
79 4 2
67 95 3
90 75 3
18 68 2
77 8 3
61 21 3
27 62 2
91 32 2
14 72 3
37 12 1
64 35 2
4 14 3
1 31 1
79 57 3
4 73 3
75 17 2
17 43 3
89 2 3
7 39 1
6 50 3
78 49 3
55 16 3
32 61 3
10 8 3
16 23 1
91 94 2
91 28 3
72 13 3
41 44 2
90 78 3
50 19 1
66 11 2
58 10 3
92 2 3
45 69 2
2 29 3
83 15 2
39 49 2
47 94 3
79 31 2
26 20 3
14 56 3
35 97 3
56 99 2
58 84 3
71 53 2
35 67 2
83 44 3
36 70 3
64 22 3
15 9 3
74 10 2
29 87 2
90 12 3
33 67 2
79 39 2
39 55 3
54 67 2
7 80 2
23 79 3
16 6 3
81 70 2
49 13 3
92 6 3
88 15 2
82 36 3
15 27 2
41 59 2
77 63 3
7 93 1
31 67 2
45 94 3
58 45 1
84 38 3
84 93 3
9 81 2
67 26 3
81 8 3
2 45 2
62 20 2
89 96 3
34 61 2
45 47 3
88 66 3
20 49 1
20 31 2
46 51 3
53 79 3
71 52 3
24 16 3
39 13 2
35 94 2
97 51 3
50 5 1
92 50 2
37 64 3
26 73 1
99 86 3
48 68 3
39 57 2
12 48 3
62 22 3
10 92 3
77 57 2
88 75 3
64 17 2
93 85 3
70 84 3
68 28 3
29 86 2
7 48 3
81 69 1
4 58 3
92 32 3
70 30 3
34 97 2
11 83 3
3 42 1
51 48 2
61 94 3
11 19 1
18 74 2
39 100 3
85 9 2
83 31 2
86 34 3
51 90 1
12 71 2
69 87 3
37 69 3
13 32 2
35 30 3
73 47 2
10 100 2
1 27 3
76 71 1
73 59 3
1 18 3
50 28 3
49 51 2
35 16 3
58 86 1
57 84 3
49 33 3
84 52 2
86 26 3
50 76 3
70 66 1
77 26 3
16 87 3
6 97 1
78 10 2
30 52 3
19 54 2
6 12 3
99 43 3
75 54 1
92 85 3
1 100 3
45 65 1
40 53 3
23 32 3
32 43 1
20 40 3
95 28 3
26 14 1
21 74 3
6 92 3
89 72 3
12 23 3
26 58 3
68 90 3
74 30 2
17 98 3
75 78 3
67 91 2
46 95 3
16 83 1
81 32 3
51 59 3
3 23 3
22 9 2
53 94 3
14 85 3
27 88 2
93 55 3
6 26 1
51 6 3
38 41 3
46 11 1
35 27 3
81 66 3
75 35 2
18 63 2
32 99 3
24 53 3
28 96 3
40 63 3
3 2 3
90 41 3
25 29 3
99 18 3
34 86 3
35 14 3
35 48 1
37 27 2
66 10 3
93 27 2
15 79 3
39 46 3
94 2 1
3 73 2
75 20 3
70 22 3
68 18 2
4 34 3
24 28 2
29 95 2
22 27 3
81 11 2
79 84 2
6 22 3
94 42 2
58 87 3
88 10 3
49 79 3
25 99 2
70 97 3
80 65 1
4 92 3
93 68 3
49 7 3
54 27 3
56 58 3
46 54 2
87 33 2
30 73 3
34 24 2
24 70 2
17 70 3
84 7 1
36 85 3
98 39 3
88 50 1
45 70 2
70 51 3
15 11 3
75 69 2
5 96 3
59 26 2
57 49 2
82 12 3
31 66 3
28 42 2
93 20 3
27 67 1
12 38 3
5 23 3
27 22 3
92 91 2
70 46 3
90 71 1
25 97 2
95 49 3
28 20 1
89 84 3
95 98 3
11 86 3
75 47 2
89 57 3
50 91 1
42 97 2
54 90 3
76 54 1
91 45 2
31 65 3
12 22 2
6 60 3
79 95 3
67 88 2
3 25 2
49 21 3
20 6 1
55 90 2
45 25 3
93 43 1
24 60 2
47 45 3
34 92 3
38 28 2
67 50 3
21 40 1
17 46 2
51 67 3
16 97 2
5 33 2
26 28 3
3 18 1
11 98 3
42 70 3
78 22 3
99 66 2
85 31 3
88 9 3
67 37 2
59 75 3
52 63 1
74 39 2
16 34 3
66 6 3
40 30 3
7 85 3
13 55 1
52 15 2
3 28 3
79 68 1
8 18 2
74 96 3
53 28 2
40 72 3
53 97 3
57 54 3
73 48 3
20 65 3
6 21 2
73 74 2
31 94 3
90 99 2
76 9 2
22 70 3
21 18 1
73 94 2
23 22 3
97 85 3
39 19 3
26 62 3
36 2 2
44 55 2
44 4 3
85 27 2
49 60 2
34 54 3
87 55 2
96 49 2
8 57 3
80 95 2
58 8 3
3 17 3
98 99 1
81 82 2
81 2 3
14 67 3
70 3 2
86 49 3
31 90 2
74 12 2
38 10 3
13 43 2
40 61 2
30 99 3
7 59 3
48 4 3
85 49 3
71 67 2
82 98 2
66 55 3
37 68 3
63 84 2
93 37 3
22 67 1
83 93 2
46 20 3
90 91 1
45 73 2
12 33 3
78 58 3
38 27 2
71 13 3
36 83 2
23 85 3
88 59 3
62 32 1
32 44 2
40 17 3
50 47 1
55 15 2
23 95 3
9 73 3
37 87 2
22 66 3
65 77 1
61 77 2
40 31 3
63 37 1
37 92 2
7 38 3
22 54 3
11 85 2
22 30 3
54 55 3
61 100 2
26 55 3
65 15 2
18 58 2
71 74 3
9 50 2
85 20 2
64 78 3
27 30 2
68 97 2
41 14 3
76 23 2
97 29 2
68 65 3
56 2 2
66 69 2
82 94 3
50 89 3
94 40 2
27 95 3
97 9 2
81 22 3
18 14 3
73 29 3
39 25 3
18 59 3
93 8 2
45 2 2
18 97 3
14 91 2
66 99 2
7 13 3
84 66 3
97 48 2
88 11 3
24 63 1
95 69 2
93 67 3
97 88 2
23 90 2
65 82 3
99 28 2
22 8 2
86 62 3
71 57 2
39 44 3
18 33 3
60 16 1
21 57 2
3 51 3
94 75 2
47 96 3
90 67 3
67 65 1
75 37 2
88 18 3
19 56 3
11 70 2
32 37 3
74 55 3
19 58 2
68 20 3
68 31 2
95 29 2
56 51 3
86 40 1
56 11 2
38 35 3
41 58 3
70 38 2
64 73 3
89 64 2
84 3 2
96 62 3
16 78 3
3 65 2
76 46 3
86 17 3
12 9 2
59 71 3
18 93 2
67 24 2
35 82 3
20 5 2
4 45 2
76 44 3
57 10 1
2 53 2
91 11 3
53 50 1
72 21 2
69 46 3
57 82 2
63 39 3
6 81 3
10 67 3
20 13 3
14 59 3
13 92 3
8 96 2
60 84 3
72 36 1
55 52 2
43 31 3
99 96 3
66 46 2
93 98 3
43 10 3
10 95 2
34 36 3
35 69 2
74 64 2
60 37 3
6 46 2
56 28 2
88 76 3
90 45 3
84 20 2
4 43 3
93 78 2
18 20 2
27 90 3
40 64 3
39 8 3
91 96 3
49 45 3
15 35 2
84 76 3
45 9 1
79 60 2
6 52 3
28 78 1
29 93 3
80 26 3
71 80 3
3 100 2
56 42 3
95 93 2
30 96 2
61 28 3
7 25 2
58 60 2
46 49 3
86 75 2
60 100 2
51 7 3
69 66 2
46 100 2
23 47 3
15 98 2
85 26 3
91 39 3
2 21 3
51 26 3
53 40 3
59 98 1
87 13 2
5 53 3
28 34 2
87 20 2
61 95 3
82 78 2
24 71 2
17 27 3
93 11 3
14 93 3
56 21 3
83 75 2
36 53 2
17 82 3
19 87 2
71 37 2
94 99 3
26 63 2
25 21 3
31 17 3
75 95 2
16 74 2
53 33 3
61 31 1
31 38 2
96 25 3
67 49 1
76 61 2
21 28 3
20 37 3
95 53 2
69 88 3
34 58 2
32 9 2
11 7 3
59 84 1
4 100 2
25 68 3
35 64 2
68 17 2
48 58 3
49 97 1
61 40 2
79 96 3
55 57 1
97 91 3
70 10 3
60 91 2
9 33 3
82 6 3
75 45 1
74 93 3
68 66 3
71 81 2
83 89 2
39 85 3
49 47 1
3 43 2
79 73 3
38 39 2
89 44 2
93 91 3
34 64 3
18 38 2
25 91 3
91 69 3
88 53 3
82 27 3
16 10 2
40 22 3
75 84 3
78 59 2
20 25 2
31 37 3
50 44 2
29 85 2
94 32 3
23 67 1
15 4 3
5 7 3
89 52 2
55 62 3
84 28 3
43 26 2
51 82 2
79 3 3
7 84 1
88 68 2
35 4 3
31 43 3
92 61 2
42 5 3
9 48 3
28 98 3
37 23 3
72 11 1
6 78 3
93 14 3
66 24 1
73 58 2
99 75 3
3 45 2
91 42 2
57 58 3
67 44 1
20 10 2
47 72 3
66 93 3
80 70 3
64 90 3
87 97 3
48 31 3
41 61 3
87 48 1
69 4 2
47 99 3
65 67 1
46 45 2
22 78 3
46 53 3
70 12 2
41 93 3
81 42 3
26 4 3
58 11 3
27 57 3
95 78 2
68 100 3
5 13 1
58 82 2
28 13 3
30 6 1
34 90 2
2 11 3
97 20 1
24 67 2
28 86 3
60 31 1
8 84 3
71 44 3
85 39 3
53 6 3
38 86 3
34 52 1
41 3 2
40 20 3
79 51 3
94 92 2
26 11 3
61 69 1
50 41 3
84 23 3
14 66 2
39 30 2
96 99 3
48 62 3
98 58 3
26 68 3
82 48 3
88 46 2
77 18 3
85 37 2
72 93 2
55 7 3
21 43 1
11 82 2
74 13 3
73 84 2
27 96 2
55 28 3
35 62 2
56 63 3
90 25 3
87 6 2
21 45 3
75 3 3
9 12 2
3 26 2
11 84 3
77 65 1
8 42 2
37 98 3
42 85 3
26 24 2
96 26 3
2 9 3
27 82 3
46 28 3
4 19 2
27 99 2
26 9 3
50 48 2
21 77 2
83 37 3
72 57 1
13 6 2
49 44 3
91 86 3
15 86 3
88 70 3
86 96 1
9 11 2
10 64 3
78 27 1
71 34 3
19 49 3
99 49 2
3 55 2
31 28 3
6 47 2
36 66 3
80 64 3
50 53 1
61 58 2
21 2 3
20 61 1
42 22 3
37 47 3
4 65 3
75 49 2
76 10 3
88 44 1
30 37 2
85 80 3
93 54 3
26 81 2
10 36 3
95 35 1
60 33 3
62 80 3
46 76 3
39 3 2
90 48 3
36 58 1
38 31 2
11 3 3
91 73 3
36 74 2
66 53 3
24 97 3
35 57 2
3 58 3
59 3 2
78 26 2
59 91 3
95 11 1
46 47 2
39 99 3
8 3 3
7 32 2
8 100 3
34 44 1
72 32 2
18 99 3
17 45 2
35 42 3
79 82 3
60 24 2
51 61 2
77 78 3
51 29 3
96 73 3
31 51 3
69 61 1
14 53 3
72 33 3
9 98 1
61 8 2
85 90 3
85 53 3
95 88 3
55 81 3
52 12 3
36 59 2
68 26 3
71 8 3
44 52 3
38 6 3
15 19 3
46 91 2
36 31 3
17 57 1
65 58 2
9 26 3
34 22 1
75 98 2
63 45 3
65 10 1
5 38 2
11 89 3
48 47 3
59 52 3
41 85 3
11 20 1
69 60 2
44 22 3
6 73 2
82 3 3
8 31 3
33 42 1
83 30 3
98 66 3
77 31 3
88 60 3
22 77 3
97 39 3
46 6 2
14 23 3
6 33 1
16 58 2
41 47 3
11 56 2
47 71 2
54 8 3
89 14 2
59 27 3
50 10 3
20 84 2
30 44 3
26 85 3
56 64 1
14 83 2
61 53 3
54 37 3
19 74 2
9 70 3
17 99 3
30 3 2
25 64 3
85 29 2
3 95 2
59 93 3
67 27 1
11 33 2
57 27 3
47 49 1
46 88 2
60 5 3
80 4 3
38 75 2
87 91 3
57 37 3
11 66 2
59 49 3
43 55 1
69 79 2
72 31 3
10 53 1
68 57 2
75 74 3
61 14 1
46 40 2
13 2 3
28 65 1
40 28 2
8 44 3
46 98 3
64 89 2
35 36 3
58 53 2
92 83 2
25 86 3
62 15 1
76 63 2
17 31 3
5 22 3
32 86 2
29 59 3
4 36 2
97 30 3
87 5 3
45 12 1
22 15 2
61 88 3
42 59 1
69 12 2
32 79 3
79 75 1
75 36 3
73 60 3
73 44 3
68 48 3
41 4 3
55 12 1
27 19 3
93 29 3
58 52 2
91 36 3
8 56 3
92 74 3
36 19 2
57 16 3
5 58 1
80 78 2
98 81 3
49 61 1
74 100 2
84 12 3
36 49 2
19 32 2
76 11 3
48 87 1
63 66 3
50 27 3
68 11 2
56 33 2
52 36 3
51 12 2
47 36 3
24 58 3
24 45 2
51 58 3
93 34 3
82 40 3
46 59 3
71 100 3
80 47 3
37 59 3
91 3 3
31 34 2
41 43 2
78 75 3
51 41 3
78 42 2
59 12 3
1 48 1
74 14 2
2 59 3
30 94 2
29 42 2
48 71 3
9 21 2
54 44 2
68 32 3
90 56 3
71 18 3
73 4 3
2 15 2
75 9 2
97 74 3
77 37 1
7 29 2
35 73 3
87 11 1
6 54 3
1 54 3
16 38 1
69 24 3
10 41 3
20 90 1
26 92 2
39 80 3
51 17 2
56 92 3
28 95 3
55 49 2
64 10 3
32 31 3
68 27 1
21 67 2
20 96 3
95 70 3
66 86 2
38 98 3
53 89 2
29 6 2
65 96 3
16 73 1
77 94 2
77 64 3
65 81 2
52 11 3
7 5 3
83 91 3
39 98 3
14 95 3
14 51 2
23 40 2
33 90 3
84 42 3
13 45 3
30 57 3
31 27 2
93 5 3
94 22 3
65 12 3
55 61 2
96 60 3
40 3 2
28 76 3
95 33 3
99 63 3
81 84 2
36 16 3
4 90 1
60 64 3
98 22 3
42 33 1
67 43 2
31 95 3
53 18 1
81 28 2
90 9 3
20 39 2
42 41 2
50 22 3
88 99 3
26 74 3
92 24 3
76 83 1
22 71 2
84 64 3
28 74 2
69 86 3
97 72 3
24 81 3
91 51 3
84 6 3
55 66 3
60 8 3
21 97 3
72 67 1
43 51 3
68 67 3
90 18 2
61 26 2
55 83 3
32 97 3
70 23 2
70 67 3
11 46 1
92 31 2
21 48 3
30 50 3
90 63 3
90 68 3
33 89 2
65 2 2
2 27 3
47 12 2
67 92 2
33 22 3
28 85 2
91 70 2
48 74 3
82 41 1
54 14 3
32 36 3
95 51 1
28 94 3
85 98 3
33 28 3
35 25 3
78 16 3
50 88 1
76 49 2
16 59 3
44 65 1
90 70 2
9 57 3
30 100 1
99 35 2
55 26 3
48 11 2
19 90 3
57 67 3
34 66 1
63 65 3
56 49 3
24 62 2
42 40 2
68 12 3
29 52 1
19 95 3
5 56 3
68 29 1
23 19 3
61 72 3
9 51 2
71 92 2
53 80 3
41 72 3
16 43 2
51 81 3
34 94 2
21 4 2
42 11 3
25 37 2
59 16 3
29 64 3
27 72 1
37 45 2
74 59 3
64 80 3
13 24 2
3 81 3
59 11 1
62 49 3
62 9 3
62 37 1
78 92 2
56 31 3
71 27 1
9 42 2
49 92 3
44 93 3
65 48 2
34 99 3
59 81 1
44 35 2
58 17 3
33 65 3
98 52 2
90 30 3
55 43 1
48 29 3
3 61 3
68 19 3
49 88 3
9 89 3
50 8 3
52 72 3
60 56 3
23 97 3
60 59 3
86 44 3
27 41 2
4 8 2
66 68 3
25 24 3
89 7 2
64 33 3
97 53 3
3 79 3
82 93 3
90 84 2
96 18 2
1 28 3
42 72 2
70 72 3
14 63 3
76 25 2
66 91 3
60 53 3
96 30 2
84 97 2
92 69 3
98 84 3
91 17 2
27 12 3
93 28 1
3 44 2
82 23 3
25 89 1
25 10 2
50 55 3
42 13 3
66 30 3
51 16 3
88 23 2
73 77 2
74 92 3
77 51 3
75 30 2
4 49 3
2 91 2
8 33 2
89 54 3
70 26 3
95 21 3
94 68 3
42 3 1
72 95 3
53 20 3
32 98 2
12 95 3
18 62 3
99 22 3
47 15 2
28 84 3
31 62 2
49 83 3
86 41 3
10 58 3
48 93 3
91 89 3
26 42 2
6 17 2
71 51 3
60 13 2
5 28 2
24 36 3
22 51 1
53 52 2
76 4 3
66 82 2
79 20 2
36 6 3
60 39 3
21 62 3
95 85 3
70 77 2
38 67 2
92 25 3
39 74 2
76 7 2
37 44 3
2 18 3
7 57 3
89 26 3
86 78 2
67 32 2
61 56 3
83 100 1
29 26 2
43 81 3
19 81 1
56 22 2
21 61 3
98 9 1
37 15 2
57 38 3
49 42 2
84 95 3
47 28 3
35 40 1
30 74 2
8 34 3
65 11 1
63 77 3
34 19 3
23 14 3
74 99 3
49 25 3
33 15 2
9 28 3
40 38 3
30 59 2
47 61 2
77 54 3
23 82 3
84 40 3
36 52 3
2 20 2
68 43 2
68 5 3
69 100 1
24 61 2
71 28 3
29 23 3
95 80 2
53 14 3
67 18 1
94 9 3
43 84 3
10 48 1
52 89 2
74 25 3
62 84 1
84 21 3
17 47 3
92 46 2
59 34 2
38 96 3
11 87 1
6 87 2
66 33 3
7 20 1
63 18 2
64 84 3
36 98 1
85 89 2
97 52 3
53 64 1
90 92 2
83 55 3
19 41 2
84 33 3
89 75 3
10 12 3
57 51 2
97 96 3
32 93 1
95 58 3
68 3 3
60 58 2
6 27 2
20 27 3
47 50 1
34 73 2
13 50 3
44 86 3
23 45 3
81 64 3
91 34 1
48 84 2
88 40 3
83 14 2
41 34 3
21 68 3
64 12 1
24 23 3
89 58 3
10 65 1
89 61 3
49 23 3
87 67 1
21 96 3
81 63 3
27 58 1
86 38 3
71 39 3
27 75 1
73 68 2
41 73 3
19 75 3
62 24 2
84 2 3
92 100 1
11 81 2
61 89 3
69 31 2
86 88 3
15 34 3
88 30 3
50 16 2
88 24 3
74 71 3
66 19 2
28 8 3
58 42 3
84 55 2
93 80 3
87 32 3
58 56 3
27 18 3
43 68 2
44 40 2
80 60 3
29 53 3
98 85 3
28 50 3
12 88 3
26 93 2
13 10 3
79 74 1
78 89 2
86 100 3
15 57 1
21 17 3
50 6 3
65 75 1
59 9 2
9 49 3
96 97 3
74 27 2
88 20 3
27 14 3
4 32 3
38 78 3
58 29 1
38 19 2
51 73 3
17 37 3
90 97 3
96 35 3
44 97 3
53 11 2
91 76 3
42 63 1
65 21 2
96 53 3
81 57 2
9 4 2
58 35 3
77 61 2
8 54 3
58 85 3
41 79 3
31 92 2
33 31 3
73 32 2
59 78 2
22 95 3
87 38 3
28 37 3
9 58 3
47 91 2
66 16 2
32 27 3
69 52 1
60 10 3
70 29 3
94 87 1
53 68 3
86 14 3
61 17 1
27 42 3
45 8 3
72 81 3
98 31 2
84 10 3
11 65 1
44 26 2
7 64 3
55 68 3
23 54 2
21 80 3
9 64 2
39 93 3
92 60 3
57 42 1
1 21 2
57 80 3
35 11 1
17 60 3
67 10 3
47 10 2
43 29 2
21 56 3
57 3 3
60 51 2
41 52 3
55 94 3
94 11 3
98 96 3
7 50 3
10 26 2
21 47 3
34 62 3
50 38 2
98 38 3
83 32 3
65 29 2
96 28 3
79 14 1
6 65 3
54 82 3
80 43 3
43 70 3
32 90 3
77 73 2
7 33 3
19 68 3
18 51 2
12 99 3
69 7 3
69 89 2
31 3 3
44 7 3
18 85 2
36 71 2
50 77 3
76 30 1
83 61 2
72 50 3
22 62 3
74 29 2
38 71 3
39 26 2
77 39 3
6 66 3
78 28 1
8 93 2
27 4 3
4 20 1
43 69 2
46 3 3
22 91 2
2 42 2
87 43 3
70 82 2
4 11 2
9 67 3
78 8 2
8 94 2
87 35 3
86 90 1
47 51 2
1 12 3
87 94 1
6 72 3
99 73 3
73 81 1
81 90 2
90 11 3
77 41 1
96 74 3
44 74 3
91 6 1
21 55 2
94 95 3
13 30 3
65 57 3
24 18 3
83 16 1
92 89 3
44 29 3
24 54 3
32 84 2
68 8 3
4 38 3
87 70 3
70 100 3
33 96 2
91 81 2
99 4 3
24 13 2
61 68 2
45 27 3
8 4 2
22 11 2
42 23 3
40 21 1
93 42 2
20 94 3
64 92 1
57 93 3
27 83 3
93 56 3
87 10 2
8 25 3
23 21 2
11 4 2
61 64 3
43 16 2
43 34 3
57 7 3
2 40 1
70 76 2
30 13 3
5 4 1
50 43 3
73 87 3
98 30 1
63 23 3
81 20 3
16 79 1
83 77 2
45 85 3
57 61 3
63 20 2
85 13 3
60 3 2
48 42 2
2 64 3
18 11 1
41 29 2
76 27 3
91 80 1
34 17 3
99 77 3
65 98 3
42 91 2
35 21 3
43 41 2
78 85 2
26 65 3
45 36 2
22 85 3
78 13 3
36 77 1
95 56 2
71 97 3
40 80 3
16 89 2
89 91 3
30 9 3
30 58 2
14 55 3
11 14 1
71 30 3
56 61 3
62 8 2
60 30 2
34 46 3
49 75 2
83 71 2
76 97 3
99 42 1
96 57 2
23 91 3
42 87 1
95 99 2
56 97 3
54 64 1
80 49 2
6 16 3
3 98 2
9 63 2
16 33 3
26 90 1
24 65 3
70 36 3
43 67 2
4 56 2
30 90 3
40 86 1
75 86 2
37 88 3
23 52 1
19 96 2
93 77 3
31 18 1
13 60 2
48 89 3
69 75 2
92 88 2
36 9 3
63 4 1
44 69 2
44 64 3
75 62 3
43 37 2
50 13 3
52 51 3
11 17 2
45 49 3
93 30 1
30 72 2
96 23 3
10 25 2
29 57 2
34 67 3
92 64 1
51 86 3
23 80 3
13 38 2
5 71 3
26 22 3
91 90 1
82 96 2
50 95 3
46 30 3
95 63 3
32 20 3
22 80 1
62 68 3
66 71 3
43 6 3
56 89 2
56 79 3
81 5 1
29 14 2
62 61 3
9 32 2
69 97 3
5 24 3
86 61 2
3 30 2
28 68 3
18 47 3
86 29 2
37 31 3
33 12 3
66 87 2
99 13 3
4 94 2
22 7 2
80 59 3
84 27 1
36 3 2
51 33 3
62 71 3
34 98 3
49 48 3
88 58 3
87 19 2
99 67 3
18 88 3
86 6 2
39 77 3
50 97 1
31 79 2
36 76 3
38 72 3
44 75 2
97 23 3
17 89 1
98 94 2
57 70 3
12 58 1
23 71 3
81 88 3
75 33 3
79 12 3
21 99 3
31 49 1
76 59 2
41 91 3
24 37 3
28 40 2
67 47 3
86 60 3
12 51 2
21 70 3
3 53 2
1 36 2
68 4 3
4 18 1
92 66 2
44 39 3
56 35 1
62 67 3
78 84 3
25 9 2
42 71 2
21 29 3
80 11 1
47 82 2
79 13 3
88 5 3
61 6 3
40 29 3
93 45 2
40 67 2
36 47 3
24 68 1
20 19 3
54 99 3
8 36 3
72 76 2
18 7 3
18 4 1
29 82 2
69 5 3
82 39 3
50 36 3
67 8 3
70 27 3
60 81 2
77 22 3
66 77 1
82 2 2
43 58 3
33 40 3
54 3 3
28 39 3
53 17 2
51 83 2
20 78 3
57 21 2
66 41 3
7 3 3
23 75 3
7 55 3
27 70 3
76 29 3
8 11 3
70 74 3
79 18 3
49 90 3
86 93 3
65 56 3
27 29 2
49 58 3
30 36 1
46 70 3
40 84 3
6 37 1
95 27 3
53 82 3
95 61 3
47 25 2
24 50 3
38 32 2
83 4 3
44 90 3
25 20 2
1 5 2
74 85 3
9 46 1
27 9 2
29 48 3
51 62 1
39 27 2
30 18 3
16 8 3
29 22 2
62 45 3
48 35 1
16 48 3
41 65 3
65 16 3
83 72 3
74 78 3
26 44 2
2 76 2
12 100 3
16 27 1
38 11 3
2 92 3
93 22 2
42 73 2
88 43 3
36 14 3
85 32 2
72 83 3
97 100 1
36 29 2
82 100 3
28 10 1
99 16 2
21 25 3
92 48 1
10 9 2
96 11 3
59 8 3
62 95 2
94 51 3
78 25 1
8 90 3
96 46 3
27 63 3
84 65 2
58 44 3
72 77 2
19 18 2
97 28 3
53 8 2
66 37 3
5 92 3
8 2 3
57 29 2
11 12 3
72 34 3
87 68 2
34 49 3
76 19 2
98 15 2
78 43 3
63 29 3
94 31 3
25 72 3
32 67 2
32 6 2
77 76 3
7 69 3
96 64 2
40 9 3
30 95 1
69 83 2
49 87 3
49 50 1
82 75 2
16 51 3
39 52 2
38 69 2
21 8 3
11 92 3
54 85 3
82 60 3
28 56 2
95 92 3
7 91 3
44 58 3
12 29 2
77 19 3
74 34 3
2 51 2
94 50 3
42 57 1
31 99 2
71 58 3
69 92 3
30 12 2
11 25 3
11 50 2
99 5 3
31 59 3
55 73 3
67 28 2
34 42 3
59 41 2
73 34 2
63 91 3
72 79 2
80 82 3
86 85 3
14 70 1
93 9 3
1 67 3
51 28 3
60 89 2
40 73 3
88 47 2
46 66 2
42 60 3
45 78 1
14 47 3
68 98 3
29 67 1
73 6 2
84 67 3
47 38 1
78 67 3
92 19 3
71 87 1
67 76 3
80 36 3
61 98 1
98 3 2
56 40 3
52 24 3
81 6 3
77 35 3
20 62 2
33 8 2
34 100 3
11 75 2
6 88 3
39 22 3
83 38 2
52 80 2
62 65 3
90 98 3
85 81 3
14 27 3
57 86 2
94 73 2
83 23 3
8 80 3
8 63 2
11 60 3
37 84 3
94 17 3
3 9 3
59 57 2
97 62 2
58 51 3
6 20 1
69 58 2
40 32 3
1 6 1
96 38 3
40 89 3
58 22 1
43 65 2
89 59 3
75 92 3
63 87 3
12 39 3
65 86 3
66 59 3
4 93 3
86 98 2
6 14 2
30 67 3
28 52 1
17 68 2
8 73 3
59 70 1
37 52 2
39 60 3
43 46 1
64 6 2
26 2 3
70 7 1
43 72 3
81 86 3
69 10 2
49 72 2
83 56 3
74 58 2
63 71 3
26 33 3
49 30 3
72 20 2
91 98 3
52 100 1
31 80 2
65 66 3
32 3 3
32 35 3
88 7 3
65 94 1
27 36 3
64 19 3
7 6 1
64 25 3
9 55 3
48 40 2
82 18 2
58 24 3
6 30 1
71 9 2
43 14 3
36 60 3
9 7 2
79 62 3
91 25 3
71 88 3
33 60 3
67 98 3
32 13 2
30 31 3
82 16 3
20 9 2
10 3 3
96 92 2
60 41 2
6 68 3
55 92 1
20 35 2
16 90 3
11 37 2
60 90 3
45 31 3
24 88 3
43 40 2
37 60 3
88 56 3
26 8 2
28 33 3
66 15 2
21 72 2
41 63 3
48 92 1
82 19 2
43 54 3
8 51 2
76 32 3
43 38 3
21 46 1
92 80 3
39 82 3
93 13 2
16 19 2
11 93 3
87 81 3
81 98 3
29 34 3
65 47 1
37 50 2
66 27 3
38 44 2
59 24 2
25 31 3
33 87 2
46 96 3
46 15 3
97 25 2
84 75 3
67 70 3
62 88 2
93 95 2
94 47 3
82 53 3
17 28 2
77 53 3
75 10 1
10 97 2
50 84 3
57 96 2
53 96 3
63 55 3
9 75 2
45 79 2
87 46 3
87 54 1
43 60 3
4 87 3
15 58 3
48 22 3
48 39 3
86 8 1
90 36 2
95 67 3
30 91 2
48 3 2
47 78 3
44 25 3
20 100 2
91 66 3
64 58 3
72 88 2
40 91 3
23 39 2
77 46 2
23 93 3
39 69 1
14 88 2
37 24 3
19 91 3
47 46 2
14 54 3
27 7 2
17 11 2
90 85 3
63 33 3
53 84 2
38 51 3
26 40 3
14 82 2
85 19 3
25 78 1
61 39 3
92 28 3
70 98 3
94 33 3
52 44 3
93 36 3
18 55 2
58 64 3
62 39 2
10 19 2
34 74 3
20 93 3
22 75 3
10 49 3
46 74 2
46 65 3
17 66 3
53 30 1
14 29 2
10 44 3
85 78 2
2 44 2
57 95 3
1 23 1
1 39 2
12 28 3
99 71 2
45 57 3
63 79 3
31 6 1
87 56 2
56 19 3
33 73 2
80 79 3
73 30 3
46 21 1
60 49 2
76 21 3
19 78 1
15 93 2
31 7 3
66 88 3
62 74 3
66 25 3
86 47 2
85 6 2
11 94 3
96 67 3
57 22 2
86 51 3
6 69 3
99 95 2
5 88 3
17 69 1
97 16 2
49 62 3
14 34 2
50 11 2
25 14 3
84 34 2
36 15 2
6 10 3
24 83 2
47 56 2
86 4 3
83 13 2
80 58 3
72 64 3
6 42 1
94 67 3
77 79 3
24 66 1
40 94 2
50 63 3
23 44 1
3 92 3
13 9 3
51 30 3
47 34 3
2 19 3
97 50 1
95 75 2
97 32 3
7 89 2
10 79 3
91 49 3
32 16 1
31 40 3
34 50 3
86 74 1
42 47 3
16 92 3
71 24 2
7 72 2
30 70 3
58 68 3
7 51 3
83 54 3
76 93 3
61 19 2
70 95 3
24 84 3
7 62 2
48 12 3
15 94 1
55 20 3
33 95 3
51 49 2
13 12 2
24 76 3
13 3 3
6 85 2
74 23 3
29 61 1
36 54 3
9 78 3
76 47 2
98 100 2
57 6 3
31 22 2
94 72 2
93 44 3
69 42 1
36 90 2
76 89 3
82 51 2
42 46 2
65 4 3
18 6 2
35 83 2
22 88 3
69 14 1
76 64 2
22 45 3
1 62 1
66 79 2
66 3 3
62 40 3
78 80 2
10 73 3
72 86 1
22 52 3
95 82 3
58 2 1
5 72 2
37 28 3
48 63 1
45 71 2
48 52 3
96 76 2
29 47 2
99 47 3
85 68 2
38 43 3
76 39 3
34 9 1
28 24 2
60 71 3
10 31 1
8 24 2
38 56 3
46 90 3
51 63 2
34 4 3
64 59 2
67 80 3
70 86 3
95 91 2
43 4 3
68 53 3
9 61 3
9 66 3
5 39 3
1 61 1
4 84 3
97 36 3
89 18 1
13 39 2
59 100 3
2 90 1
86 76 2
85 62 3
85 65 3
63 32 2
14 36 3
6 77 1
29 19 3
14 41 3
62 29 2
35 15 2
79 42 3
88 45 2
88 54 3
58 47 3
31 32 3
52 39 2
22 83 3
82 21 3
94 20 3
72 24 3
7 73 1
51 20 2
8 76 3
59 92 3
23 26 3
39 61 3
38 93 3
56 30 3
8 20 3
89 71 1
7 56 2
5 76 3
74 83 3
77 7 2
11 88 3
80 81 2
56 91 2
73 2 3
98 63 1
36 99 3
86 31 3
63 88 2
10 88 3
85 8 3
28 61 3
59 29 3
95 68 3
21 11 2
57 60 2
54 29 3
76 81 3
42 62 3
12 52 3
25 77 1
2 84 3
42 39 3
41 76 3
75 16 2
92 15 3
38 68 1
5 67 2
5 95 3
56 24 1
16 57 3
82 55 3
98 48 2
43 91 3
55 72 3
34 38 2
12 15 2
27 87 3
82 95 3
58 20 2
86 64 3
37 10 1
59 32 3
7 36 3
82 5 2
83 24 2
97 71 3
26 21 2
76 17 2
43 78 3
57 11 2
43 12 2
5 29 3
58 77 1
35 2 2
74 22 3
3 14 1
14 33 2
40 60 3
89 15 1
22 6 3
41 89 3
92 90 2
23 88 2
34 11 3
39 12 3
67 42 3
85 35 3
84 22 1
98 21 3
36 95 3
96 59 3
29 54 3
21 82 3
36 40 3
64 45 2
77 84 3
29 98 1
37 25 2
3 31 3
43 20 1
12 75 3
79 85 3
29 68 1
46 92 2
87 12 3
84 61 3
22 2 2
80 92 3
85 34 2
10 33 2
34 71 3
8 64 1
2 67 2
2 41 3
43 79 1
6 19 3
97 81 3
87 71 1
88 39 3
48 53 3
85 3 3
64 28 2
21 73 3
95 13 1
60 9 2
94 24 3
24 7 3
25 66 3
1 68 3
43 61 1
97 93 2
42 81 3
40 18 2
19 4 2
96 47 3
44 17 3
7 34 2
44 98 3
53 34 2
11 78 3
91 71 3
78 18 1
14 10 3
14 62 3
57 43 1
35 18 3
43 19 3
59 50 1
86 89 3
69 19 3
71 82 1
12 14 2
24 80 3
44 67 1
8 22 2
93 38 3
16 93 2
79 9 2
18 65 3
88 29 1
83 69 2
66 57 3
81 83 3
91 95 2
51 42 3
77 80 3
14 20 2
54 17 3
13 65 2
84 63 2
38 48 3
32 2 1
68 34 2
96 13 3
13 58 3
51 24 2
17 44 3
38 81 2
9 62 3
92 35 3
18 69 2
17 75 2
36 48 3
52 57 2
25 75 2
32 83 3
10 32 1
42 37 2
80 44 3
85 84 1
27 33 3
8 37 3
16 75 2
21 6 2
99 97 3
37 34 1
64 100 2
25 28 3
19 72 2
41 57 3
11 51 3
42 99 1
59 95 2
54 50 3
10 28 1
37 40 2
9 30 3
40 57 2
81 80 2
53 46 3
94 78 3
67 41 2
69 6 3
70 31 1
74 33 2
60 36 3
13 53 1
85 74 3
67 25 3
17 29 2
21 51 2
68 72 3
78 14 3
52 47 3
25 57 3
68 38 1
71 17 3
18 50 3
22 58 1
6 48 2
7 66 3
68 87 2
50 15 2
48 7 3
21 64 2
38 59 3
29 99 3
81 36 1
21 49 3
92 95 3
73 7 1
30 35 3
60 52 3
88 55 3
49 100 2
44 85 3
91 4 2
10 18 2
17 38 3
48 27 2
7 90 2
75 71 3
22 38 2
10 46 2
76 78 3
84 50 3
86 19 2
92 53 3
28 97 3
45 3 2
18 81 3
95 59 2
27 81 3
57 45 3
42 43 3
56 50 2
26 56 3
66 8 3
84 83 3
38 63 3
57 53 1
17 91 2
16 29 3
61 93 1
70 20 3
94 52 3
53 39 2
35 58 3
65 33 3
28 100 1
90 43 2
86 99 3
41 33 3
29 77 3
80 85 3
10 30 3
95 26 2
20 59 3
68 24 1
20 22 2
90 16 3
82 9 2
86 84 2
91 55 3
70 19 1
62 91 3
9 88 3
17 5 3
78 35 3
42 92 3
89 95 3
2 22 2
69 99 3
26 96 3
19 40 2
36 5 3
79 29 3
77 86 2
60 20 3
10 75 1
40 75 2
61 79 3
52 33 2
66 21 2
43 80 3
84 58 3
14 39 2
98 11 3
64 8 1
39 73 2
33 88 3
29 60 2
22 87 2
52 67 3
44 15 3
30 48 3
55 38 3
70 61 1
10 81 2
8 59 3
68 73 2
44 38 2
87 28 3
64 93 2
94 35 2
86 12 3
24 78 2
22 92 3
72 18 3
24 85 2
34 28 2
93 100 3
42 21 1
91 18 2
64 48 3
82 34 1
30 60 2
33 32 3
64 23 3
66 74 2
36 17 3
37 79 3
44 70 2
4 88 3
63 35 2
44 9 2
98 24 3
12 46 2
3 72 2
77 71 3
99 27 2
5 90 2
87 90 3
34 40 3
39 2 3
36 8 3
74 9 3
49 82 2
86 67 3
81 94 3
47 81 2
1 85 3
85 63 1
11 97 2
75 53 3
33 62 2
59 80 3
86 79 3
72 25 3
50 4 2
74 11 3
55 46 1
14 77 3
42 55 3
63 76 2
84 74 2
76 95 3
5 57 2
3 29 3
17 94 3
83 34 3
45 17 2
79 15 3
60 35 1
73 49 2
25 19 3
70 56 1
30 38 2
37 78 3
23 96 3
73 37 3
3 77 3
4 25 1
64 32 3
63 99 3
14 9 2
40 65 3
6 25 3
91 5 1
46 10 2
5 55 3
30 82 2
59 35 2
69 37 3
70 16 3
89 46 3
47 53 3
94 48 3
66 81 3
80 71 3
13 82 3
84 81 2
92 59 3
52 28 1
56 73 2
8 39 3
69 36 3
6 23 2
40 58 3
50 73 1
47 24 2
72 41 3
59 4 2
68 76 2
49 37 3
1 26 1
15 12 2
21 88 3
99 55 2
62 94 2
13 62 3
19 14 2
9 16 2
67 7 3
25 45 3
18 32 2
74 4 3
24 21 3
35 75 2
56 83 3
33 58 1
20 45 2
43 2 3
38 7 3
50 82 3
96 9 3
91 37 1
99 68 2
90 49 3
94 100 1
8 92 2
22 32 3
20 60 3
85 52 2
39 5 3
28 15 2
50 9 2
58 13 3
44 45 3
37 71 2
69 98 3
82 64 2
48 86 2
70 58 3
42 8 2
97 67 2
51 37 3
84 46 3
27 77 3
86 69 3
71 90 1
67 85 2
30 71 3
1 86 1
66 12 2
54 79 3
11 34 3
25 49 3
49 43 3
29 92 1
57 34 2
52 95 3
27 39 2
96 72 3
8 32 3
8 95 1
10 86 2
89 74 3
1 90 1
48 8 3
24 94 3
22 17 1
57 59 2
59 60 3
2 58 1
70 32 2
57 9 3
27 40 2
45 20 2
29 63 3
96 69 1
7 79 3
56 82 3
38 25 3
76 43 3
83 40 3
53 60 3
82 54 3
10 94 3
86 46 3
99 85 3
54 60 3
74 31 3
95 74 3
19 48 3
20 44 1
93 18 2
8 19 3
41 37 3
26 59 2
87 98 3
36 10 3
45 88 2
80 32 3
23 99 1
93 12 2
39 97 3
90 73 1
23 68 3
64 38 3
95 14 3
3 34 2
55 88 3
94 8 2
50 93 2
4 17 3
25 36 2
7 87 2
20 68 3
90 44 3
62 97 2
46 89 3
90 69 2
50 32 3
44 78 3
96 56 1
37 39 2
74 43 3
4 41 3
76 65 2
85 5 3
73 22 2
26 57 2
75 7 3
30 25 2
60 14 2
34 26 3
84 9 3
81 52 3
48 72 3
64 88 3
1 58 2
19 5 3
65 91 3
86 10 2
87 82 3
83 33 2
61 97 2
42 84 3
37 5 3
61 35 3
54 98 3
86 33 3
34 53 2
39 17 3
40 12 2
97 82 2
32 30 3
21 60 1
22 72 2
38 20 3
95 45 3
84 13 3
67 16 3
79 8 3
6 3 2
63 70 3
49 14 2
57 81 2
12 68 3
45 96 2
93 63 2
16 31 3
53 15 3
5 11 2
51 19 3
15 84 2
13 33 2
82 35 3
53 22 3
80 94 2
75 4 3
77 66 1
15 45 2
99 57 3
85 45 3
66 83 2
46 93 3
40 59 3
51 92 2
91 85 3
75 89 3
50 79 2
32 76 3
27 44 3
68 85 2
34 41 3
19 50 1
55 25 2
9 94 3
90 81 2
31 53 3
30 66 3
42 100 1
38 58 2
83 6 3
77 44 3
62 23 2
79 94 3
26 29 2
74 16 2
58 15 3
42 89 2
49 36 2
90 15 3
52 77 3
89 9 3
17 30 3
85 72 1
70 17 3
43 92 3
18 67 1
15 8 3
62 16 3
66 2 1
72 30 2
10 5 3
60 76 1
65 54 3
55 96 3
46 24 3
5 45 2
53 92 3
40 49 3
21 87 2
40 33 3
10 57 1
18 56 2
25 67 3
5 62 2
92 94 2
40 95 3
57 63 1
33 51 3
48 9 3
78 70 2
89 35 2
28 21 3
81 60 2
5 78 3
61 78 3
31 35 2
75 21 2
27 64 3
34 51 1
7 78 3
63 60 3
50 24 3
29 91 2
95 87 3
67 59 3
44 62 2
76 53 3
65 27 3
17 12 3
93 76 3
11 90 3
39 53 2
37 57 3
69 38 2
55 79 2
22 69 3
46 99 1
28 54 2
22 90 3
52 21 2
81 10 2
92 75 3
95 9 1
64 81 3
36 88 3
94 13 1
89 51 3
74 72 3
13 75 1
21 63 2
1 44 3
34 60 1
41 64 2
4 99 3
18 89 1
29 5 3
72 29 3
30 8 3
74 75 3
74 26 3
93 17 1
93 64 2
20 92 3
2 71 1
79 86 3
5 17 3
9 8 1
77 72 2
71 3 3
39 87 3
65 59 2
7 24 3
85 86 3
63 92 2
2 96 3
32 47 3
49 74 2
31 44 3
26 3 2
89 21 2
57 23 3
49 85 3
30 11 3
4 97 3
42 88 3
13 83 2
48 43 3
25 96 3
12 25 2
40 47 3
77 74 2
24 89 2
37 29 3
2 77 3
5 85 3
22 53 3
12 96 2
9 14 2
23 4 3
89 68 1
17 36 3
95 60 3
23 10 1
23 43 2
85 93 3
35 80 1
99 93 2
14 84 3
26 15 1
18 41 2
14 78 3
57 88 1
3 67 2
28 72 3
16 45 2
62 12 3
70 65 3
46 35 3
56 66 2
40 79 3
61 30 3
61 12 2
98 53 3
69 56 3
3 71 3
38 49 3
17 14 3
38 100 2
8 79 3
16 30 3
33 36 2
17 86 3
72 94 2
77 99 3
45 7 3
57 17 1
27 15 2
5 31 3
12 89 1
38 77 3
98 65 3
94 77 2
99 2 2
78 11 3
83 41 1
62 14 3
4 7 3
31 61 1
47 84 2
88 71 3
54 75 1
45 55 2
49 63 3
93 6 3
89 42 2
15 41 3
79 55 2
27 79 2
29 44 3
92 82 1
59 63 2
95 90 3
96 55 3
54 72 2
70 71 3
89 94 2
66 13 2
80 77 3
35 90 3
94 34 2
84 36 3
52 42 2
99 69 3
45 34 3
50 61 3
72 45 3
25 56 3
1 65 1
87 30 2
56 3 3
5 81 1
71 73 2
54 4 3
2 95 2
2 75 2
11 23 3
56 32 3
47 69 3
98 79 3
38 55 3
20 48 2
83 70 3
90 74 2
90 13 3
98 90 3
53 12 3
33 23 3
23 63 3
50 34 3
48 17 3
68 56 3
18 91 2
98 26 2
50 99 3
56 59 3
3 84 2
28 80 3
38 30 2
38 76 2
18 71 3
85 51 1
4 40 2
93 84 3
68 79 1
24 95 2
88 81 3
97 78 1
11 41 2
92 79 3
10 24 3
53 49 2
97 15 3
18 78 1
59 30 2
54 83 3
71 85 2
10 90 2
27 86 3
95 77 2
5 97 2
24 55 3
70 53 2
62 86 3
93 86 3
37 49 3
16 84 2
76 77 3
70 24 2
9 25 2
6 43 3
14 5 1
22 14 3
62 6 3
16 5 1
24 47 2
55 24 3
23 65 1
2 100 2
15 49 3
83 42 3
5 35 2
56 76 3
60 44 2
54 23 2
33 63 3
89 4 3
85 95 3
80 38 3
94 25 3
23 94 2
88 48 3
10 72 1
82 63 2
28 14 3
37 7 3
34 95 3
35 84 3
42 15 3
28 17 2
75 72 3
34 81 1
43 86 2
8 74 3
27 53 1
55 60 3
59 45 3
44 95 2
94 79 3
73 96 3
30 24 2
48 34 2
30 22 3
83 78 2
55 3 2
6 90 3
51 65 1
87 80 2
99 48 3
29 71 3
41 45 3
65 49 3
12 87 3
80 37 2
66 29 3
27 92 3
1 91 2
72 55 3
69 25 2
75 24 2
48 24 3
31 12 3
5 26 3
92 56 3
47 33 1
51 54 2
96 29 3
94 57 3
6 83 3
61 36 3
69 96 1
46 8 3
58 98 3
28 90 2
75 41 3
75 59 3
35 34 1
66 92 2
19 84 3
22 29 2
9 36 3
47 70 3
96 27 2
19 38 2
30 92 3
18 3 1
89 55 2
42 64 3
51 94 3
8 98 2
60 48 3
6 36 3
32 100 2
37 21 3
32 70 2
82 91 2
62 11 3
26 46 2
54 19 2
32 87 3
35 39 2
8 5 3
62 48 3
50 60 3
4 79 2
26 60 3
40 50 1
98 91 3
29 30 3
2 14 1
78 93 2
1 10 3
85 66 1
15 18 3
8 58 3
35 65 3
88 73 3
90 77 3
98 55 2
84 73 2
21 71 3
31 16 3
85 48 3
28 87 3
13 7 3
50 33 2
16 81 3
81 61 2
95 47 3
65 85 3
1 83 1
96 41 2
93 74 3
57 77 2
2 89 3
52 27 3
42 14 3
19 59 2
13 57 3
84 72 2
59 58 3
76 37 3
72 60 2
41 32 3
18 2 3
93 88 3
68 71 3
50 30 3
29 41 2
55 89 2
46 29 3
26 36 2
76 2 2
16 52 3
68 99 2
72 98 3
63 7 3
57 55 1
70 37 3
13 54 3
28 41 3
45 16 2
92 11 3
66 95 3
5 43 2
37 72 3
38 80 3
16 15 3
2 39 3
80 93 3
98 2 2
38 53 3
47 31 1
48 67 2
24 39 3
98 7 2
31 11 3
90 62 3
52 2 1
58 69 2
7 18 3
40 71 2
33 5 2
84 92 3
93 7 1
59 77 2
24 49 3
26 94 3
54 95 2
52 60 3
54 10 3
12 43 2
14 35 3
17 93 1
42 76 2
80 68 3
55 29 1
35 20 2
58 81 3
36 22 2
16 68 3
46 58 3
37 22 2
45 61 3
45 87 3
48 65 2
45 48 2
99 83 3
24 98 3
9 54 2
75 14 3
56 98 1
69 43 2
93 66 3
20 95 3
89 85 2
49 93 3
67 17 1
68 25 3
5 99 3
86 87 3
46 12 2
27 50 3
93 62 2
49 8 3
64 99 3
31 29 2
94 60 3
99 94 3
98 36 1
41 6 3
18 83 3
2 94 1
15 7 2
75 22 3
67 48 2
21 23 2
98 4 3
55 11 2
56 14 3
54 18 3
51 45 2
62 27 2
96 100 3
50 67 3
95 54 2
55 50 3
58 61 2
80 87 2
49 19 3
28 69 1
16 3 2
17 41 3
44 66 1
93 25 2
76 90 3
79 93 2
34 84 2
61 80 3
63 80 2
66 43 2
53 9 3
29 65 2
33 52 2
92 34 3
91 13 2
41 18 2
41 90 3
40 96 2
65 76 2
70 5 3
94 15 1
63 75 2
59 73 3
13 19 1
61 87 3
15 16 3
17 35 2
6 95 2
61 9 3
71 66 3
99 19 2
6 45 3
80 55 3
19 34 3
42 32 3
24 87 1
26 7 3
81 3 3
35 7 2
50 35 3
92 65 3
68 9 3
81 16 3
13 11 3
83 20 1
70 42 3
45 26 3
12 37 1
60 69 2
8 60 3
82 81 2
78 9 3
95 43 3
49 24 3
88 52 2
49 17 3
85 33 2
29 78 2
82 42 3
12 64 1
59 74 3
33 64 3
86 50 2
97 45 2
11 13 3
83 17 1
36 79 3
25 48 3
92 17 3
73 40 3
30 7 3
79 33 2
79 66 2
26 89 3
67 40 2
60 63 3
88 37 3
63 62 3
82 65 3
1 35 3
76 79 2
46 2 2
76 48 3
32 63 2
18 82 2
6 96 3
20 51 2
83 12 2
50 23 3
65 5 3
98 87 3
65 100 3
79 100 1
67 55 2
66 23 3
59 69 2
42 26 2
25 54 3
5 48 2
78 76 3
74 44 3
25 85 3
40 69 3
86 23 3
44 23 1
35 3 3
21 13 3
34 39 3
85 71 2
19 53 3
15 52 2
14 99 3
69 49 3
37 86 1
87 66 2
19 64 3
64 18 1
77 17 2
64 60 3
32 19 2
50 42 3
83 3 3
45 30 1
4 81 3
98 67 3
69 32 3
10 66 3
63 14 3
83 94 1
36 65 2
48 90 3
95 24 2
6 75 2
60 66 3
50 71 1
99 32 3
61 25 3
97 76 3
91 24 3
4 75 3
19 83 1
88 17 3
83 98 3
20 66 3
78 34 2
25 63 3
50 92 2
11 5 2
59 99 3
92 29 1
1 55 2
50 68 3
78 45 1
33 26 3
82 72 3
16 32 1
15 77 3
99 52 3
32 71 2
88 100 2
83 73 3
70 59 1
19 76 2
73 10 3
5 77 2
87 25 3
76 3 3
3 21 1
18 10 2
98 49 3
46 72 1
6 100 2
81 99 3
64 30 1
10 76 3
82 13 3
96 83 2
79 30 3
7 67 3
94 53 3
88 61 3
73 21 3
38 99 1
79 87 2
24 3 3
53 93 1
49 78 3
80 8 3
84 48 2
24 75 2
37 36 3
80 27 2
42 9 2
37 38 3
34 77 1
91 61 2
53 47 3
78 33 1
21 54 2
33 70 3
70 89 3
93 65 2
78 56 3
46 56 3
43 82 3
18 35 3
86 36 3
83 27 3
17 65 3
61 63 2
65 39 3
71 68 3
11 100 1
86 21 2
51 89 3
12 49 2
78 62 3
5 68 3
24 22 1
22 73 2
79 81 3
53 51 3
95 18 3
77 13 3
89 31 3
64 67 3
20 77 3
77 6 1
1 22 2
52 86 3
14 11 1
96 36 2
4 42 3
26 30 1
31 9 2
1 52 3
87 60 3
4 31 3
45 40 3
83 64 2
88 91 2
68 63 3
38 9 3
55 87 2
59 56 3
80 19 1
64 83 2
25 35 3
99 53 2
69 21 2
89 93 3
60 80 3
85 16 3
58 41 3
7 82 2
92 98 2
72 12 3
18 44 3
81 100 2
61 32 3
95 30 1
83 51 2
71 48 3
69 16 1
47 87 3
56 90 3
61 67 3
78 82 2
29 76 3
56 75 1
76 36 3
96 51 3
70 33 3
72 71 2
92 10 3
21 100 1
33 92 3
64 68 3
67 38 2
1 47 2
65 99 3
71 76 1
16 4 2
53 65 3
84 44 1
74 51 2
40 85 3
83 9 2
70 54 2
60 96 3
52 90 1
79 52 3
42 16 3
11 18 1
72 69 2
27 25 3
43 66 2
2 98 2
1 32 3
76 98 2
59 28 3
98 73 3
27 3 1
18 92 2
79 59 3
47 85 2
7 92 2
55 47 3
72 10 1
5 44 2
28 16 3
33 97 3
60 78 3
80 25 3
2 52 1
64 11 2
10 38 3
63 64 1
64 16 3
80 24 3
34 82 1
98 77 2
9 84 3
54 42 2
72 78 2
66 38 3
45 60 1
26 39 2
44 73 3
16 18 3
2 16 3
90 95 3
70 57 3
76 6 2
44 27 3
88 32 2
63 28 2
91 43 3
78 20 3
12 94 3
64 57 3
75 65 1
18 22 2
96 39 3
97 54 3
32 18 2
3 5 3
96 24 2
50 86 2
89 23 3
4 74 3
27 55 2
19 71 3
70 14 1
31 64 3
52 82 3
34 35 1
55 10 2
18 86 3
98 59 1
63 10 3
51 77 3
48 33 1
32 73 2
18 37 3
92 84 3
24 57 2
7 40 3
49 76 2
37 46 2
26 51 3
31 5 3
69 54 3
89 10 3
17 40 3
81 58 3
37 41 3
65 92 3
3 76 3
84 56 3
17 76 2
55 37 2
30 62 3
64 77 3
16 53 2
16 65 3
48 96 1
23 61 2
92 13 3
56 77 3
73 83 3
44 6 3
9 44 2
24 43 3
56 55 3
23 77 1
83 39 3
63 53 3
4 69 2
3 19 2
77 30 3
91 46 2
80 16 3
25 11 3
68 88 2
9 71 2
5 87 3
66 51 3
90 87 3
62 64 3
61 41 3
28 46 3
5 59 3
40 44 2
77 89 2
5 93 3
53 38 3
14 86 3
74 57 3
35 54 1
22 41 3
1 51 3
63 5 3
25 69 2
64 91 3
29 49 2
45 100 2
99 17 3
6 44 3
98 86 2
53 83 3
51 70 3
55 44 2
45 68 3
74 81 3
42 79 3
2 13 3
59 42 1
15 24 2
79 92 3
6 91 1
3 16 2
44 24 3
13 87 2
82 28 3
57 8 3
33 47 1
47 27 2
51 31 3
16 39 1
46 79 2
83 84 3
34 89 1
80 97 2
41 54 3
97 63 3
34 14 2
7 94 3
23 37 3
34 10 3
98 20 3
13 95 1
57 26 2
12 34 3
98 74 3
12 42 2
17 10 3
4 76 3
66 42 3
38 84 3
83 97 2
46 71 2
75 15 3
70 28 3
90 33 3
16 77 3
82 33 3
8 26 2
42 58 3
70 81 2
30 85 2
35 13 3
46 9 1
6 9 3
12 2 3
46 52 3
9 53 3
13 47 3
86 37 1
81 51 3
83 2 3
16 9 2
23 69 2
46 63 3
78 50 3
60 98 3
67 83 3
90 10 2
1 3 2
13 31 3
76 18 3
79 46 2
67 13 3
19 44 1
89 80 3
97 73 3
53 66 3
39 84 2
51 23 3
88 90 3
22 31 2
20 36 3
16 50 2
43 36 2
53 23 3
43 56 2
49 70 2
87 69 3
20 43 1
47 55 3
91 72 3
44 94 3
87 45 3
98 72 3
11 16 2
54 11 3
64 31 3
72 62 2
75 28 2
18 95 3
97 47 1
74 73 2
7 75 3
65 32 2
37 51 3
73 72 3
17 8 3
67 71 2
60 19 3
95 97 1
87 37 2
44 31 3
43 3 2
12 57 2
8 46 3
68 30 3
64 69 2
25 33 3
46 94 3
68 52 2
62 3 3
11 95 1
11 68 2
87 57 3
96 17 3
99 39 3
40 62 3
48 55 3
19 16 2
85 92 3
36 20 3
91 60 2
66 9 3
4 2 3
71 65 3
46 38 3
52 25 2
76 35 2
84 25 3
13 76 1
27 26 2
61 48 3
86 83 2
6 71 2
44 21 3
58 18 2
90 59 2
38 74 3
78 88 2
12 40 2
72 15 3
83 76 1
90 39 2
7 12 3
58 6 2
38 21 3
36 69 3
49 69 3
38 73 3
92 20 3
48 21 3
97 70 3
60 77 3
43 32 1
37 30 2
90 46 3
96 87 1
10 84 3
52 20 3
51 64 3
92 36 3
81 24 3
42 44 2
28 63 2
60 6 3
99 54 3
41 71 2
32 81 3
11 71 3
86 2 2
90 83 3
27 17 3
4 54 3
28 48 3
67 5 2
34 57 2
36 27 3
21 12 1
81 39 2
87 18 3
64 24 2
78 53 2
77 9 3
1 71 1
59 55 3
83 87 3
69 76 2
32 74 3
91 97 3
15 88 2
17 16 3
87 2 3
52 19 3
32 78 2
65 20 3
33 74 2
14 24 3
12 10 3
76 56 3
35 44 2
77 15 3
61 33 3
35 74 2
2 68 3
62 57 3
58 39 2
11 67 3
29 21 3
96 71 3
43 73 3
37 33 3
89 37 2
8 99 3
45 74 3
1 63 2
39 63 3
56 96 1
42 17 2
36 7 3
41 77 1
32 5 2
50 45 3
72 17 1
23 41 3
40 81 3
44 3 2
51 56 3
39 21 3
3 64 1
40 54 2
75 32 3
24 74 3
22 16 3
66 50 3
90 53 1
49 57 2
90 88 3
34 32 2
98 8 2
81 75 3
91 52 2
29 45 2
2 4 3
23 59 3
38 2 3
77 56 3
71 15 2
19 67 3
89 92 3
46 25 2
99 90 2
57 90 3
51 4 1
97 2 2
82 80 3
84 14 3
36 21 2
16 76 3
23 72 2
38 34 2
53 62 3
73 23 3
75 2 2
81 4 3
79 16 1
53 36 2
22 42 3
18 53 1
66 49 3
90 24 3
43 99 3
19 31 2
81 44 3
82 62 1
75 43 3
24 25 3
26 71 2
57 14 3
66 84 3
66 97 3
50 31 2
59 21 3
24 79 3
55 21 2
39 32 3
41 20 2
45 51 2
92 9 3
17 15 2
53 41 2
76 75 3
24 82 3
85 12 2
19 98 3
86 24 3
48 98 2
52 10 3
35 9 2
50 51 2
81 40 3
52 83 3
67 84 3
67 61 3
71 98 3
34 33 2
31 74 3
44 59 2
36 4 2
52 43 3
69 68 1
49 89 2
5 64 3
37 96 1
27 94 2
74 95 3
63 25 3
34 79 3
8 67 3
37 63 1
49 16 2
44 68 3
67 3 2
26 95 2
42 36 3
54 35 1
1 38 2
16 36 3
24 17 2
25 46 2
73 11 3
86 81 3
40 27 2
82 73 3
70 99 2
85 87 2
92 58 3
79 83 1
98 76 2
69 20 3
69 11 2
46 68 2
22 99 3
15 76 1
22 93 2
41 97 3
4 50 2
68 83 2
34 47 3
60 38 2
39 36 2
68 23 3
96 48 1
88 97 2
94 86 3
97 58 1
66 89 3
66 63 3
94 93 3
91 63 3
3 80 3
26 6 1
72 37 3
68 59 3
92 87 1
42 95 2
95 15 3
78 39 3
3 56 3
44 30 3
58 99 1
89 73 2
92 49 3
73 80 2
32 91 2
30 15 3
43 7 3
28 73 2
79 41 3
94 43 3
18 90 2
13 79 3
53 2 2
51 18 2
68 86 3
64 66 1
9 22 2
9 69 3
69 15 2
92 67 2
25 42 3
65 45 1
77 48 2
56 93 3
68 50 3
21 27 2
40 36 3
9 20 2
73 27 3
83 63 3
86 48 2
64 42 3
89 66 3
6 98 1
84 71 3
75 96 3
17 74 1
84 5 3
17 88 3
50 26 1
99 30 3
32 94 3
44 76 3
33 14 2
17 21 3
19 80 1
42 7 2
17 96 3
65 80 1
96 40 2
29 25 3
89 5 1
40 11 2
33 3 3
96 44 3
40 15 2
18 27 3
76 80 1
33 50 2
63 12 3
38 26 3
83 90 3
81 55 3
77 23 1
83 59 2
22 10 3
79 21 1
64 74 2
62 42 3
40 39 3
72 22 2
59 82 3
26 45 3
88 14 2
76 28 3
17 52 1
26 69 3
53 48 3
15 62 1
85 11 2
25 26 3
16 28 3
7 4 3
85 41 3
45 66 3
7 35 2
66 65 3
83 29 2
68 44 3
28 11 3
50 56 2
31 87 2
80 51 3
21 76 3
90 31 2
21 92 3
61 51 2
71 38 3
50 83 3
50 17 3
21 58 2
37 8 3
41 86 3
12 74 2
83 46 3
51 46 3
22 97 2
37 17 3
64 20 2
18 80 2
90 35 3
69 80 2
59 31 3
13 98 3
72 27 1
9 59 2
48 41 3
63 51 2
10 74 2
4 53 3
2 78 2
42 82 3
52 9 3
25 90 3
72 23 2
63 38 3
74 63 2
81 21 2
15 53 3
16 60 1
51 68 3
18 76 3
68 91 3
47 98 2
6 80 3
37 77 1
91 9 3
79 99 3
42 45 2
55 23 2
17 34 3
44 48 1
84 68 2
16 67 3
31 36 3
87 44 3
70 35 3
78 31 3
35 89 2
35 93 3
82 47 2
17 64 2
9 100 3
64 36 3
3 49 3
55 54 3
46 13 2
98 41 2
7 37 3
33 56 2
1 89 2
71 93 3
70 63 3
16 66 2
77 69 3
50 90 3
42 4 3
64 97 3
98 61 1
51 8 2
20 70 3
64 76 2
37 11 2
22 55 3
72 47 3
78 95 2
20 50 3
65 37 2
43 47 2
98 80 3
53 42 3
25 100 2
42 51 3
80 6 3
61 83 2
30 80 3
77 85 2
48 45 2
15 3 3
39 90 2
4 68 3
56 36 3
19 82 2
85 47 2
91 12 3
33 17 3
10 78 2
23 24 3
46 42 2
17 87 2
48 99 3
42 29 2
23 74 3
52 18 3
15 81 2
18 96 2
2 3 3
80 34 3
51 47 2
84 24 3
61 49 1
72 19 2
82 17 3
27 21 2
63 19 3
70 41 3
98 6 1
4 64 3
69 47 3
27 78 1
65 87 3
17 78 3
36 38 3
75 44 2
1 59 3
71 50 1
40 19 2
27 59 3
61 37 2
18 42 2
16 13 3
21 32 3
52 38 3
45 21 3
63 85 1
36 26 2
80 67 3
85 4 1
66 80 3
90 80 3
58 46 3
63 43 2
19 29 3
2 61 3
19 7 2
18 98 3
3 27 1
39 11 3
90 50 3
78 97 1
4 6 2
32 17 3
18 64 1
74 20 2
80 48 3
1 60 1
74 60 3
30 69 3
22 74 3
15 2 2
79 36 3
68 60 2
58 16 2
32 41 3
53 26 2
2 97 2
70 15 3
43 71 2
37 75 2
13 16 3
71 72 2
31 8 3
25 59 3
39 16 1
38 23 2
71 49 3
34 3 2
89 69 2
79 80 3
97 95 1
82 68 3
59 2 3
39 45 2
60 29 2
79 97 3
40 23 2
21 52 2
13 90 3
22 24 1
63 82 2
8 77 3
48 10 1
65 79 3
84 91 3
13 26 2
65 70 3
28 82 3
44 56 3
98 12 3
31 48 3
22 25 3
89 8 3
25 53 3
81 78 1
95 65 2
49 65 3
21 81 2
7 19 2
28 89 3
38 47 1
19 22 3
36 93 3
48 95 3
88 84 3
80 56 3
96 5 3
58 50 2
55 70 3
12 80 1
53 70 2
32 82 3
41 68 2
9 56 2
9 93 3
84 69 3
25 40 2
80 57 3
46 7 3
38 97 2
36 92 3
93 15 2
10 52 3
42 66 3
54 59 2
61 15 2
30 79 3
9 95 1
84 96 2
85 38 3
96 86 1
39 68 2
68 16 3
63 48 1
64 27 3
95 39 3
52 29 1
35 87 3
52 74 3
38 92 2
26 84 2
21 98 3
81 31 1
80 63 2
32 89 3
69 63 3
84 32 2
99 7 3
92 21 3
6 35 3
52 7 3
54 33 1
41 81 2
14 22 3
81 53 2
27 31 2
13 42 3
18 72 3
48 83 2
56 38 3
86 72 1
55 97 2
99 15 3
30 87 2
90 3 2
92 76 3
46 77 2
30 75 2
33 84 3
3 62 3
3 70 2
63 16 3
70 39 3
38 60 2
78 91 3
56 9 2
8 68 3
88 95 3
90 22 3
67 21 2
71 59 3
86 43 2
37 61 2
59 23 3
80 7 2
32 26 3
2 85 3
86 56 2
49 91 3
42 77 3
2 88 3
89 76 3
96 63 3
32 23 3
52 3 2
7 63 3
58 100 1
82 87 3
16 2 3
81 30 3
4 55 2
36 64 3
24 72 3
75 63 2
99 8 3
10 17 3
38 57 3
78 17 3
72 8 3
58 74 2
22 79 3
1 64 1
38 24 2
93 82 3
65 95 2
69 90 2
54 48 3
18 25 2
84 90 2
79 47 3
8 28 3
91 92 2
48 16 3
27 24 1
10 68 3
24 99 3
78 81 1
64 71 2
53 76 3
23 78 1
29 75 3
18 70 3
62 50 3
76 72 2
19 60 3
24 56 1
53 25 3
36 12 3
84 19 3
85 91 3
53 7 3
58 57 3
51 80 3
46 84 3
88 21 3
58 92 3
35 51 3
71 55 3
64 82 2
82 46 3
80 31 2
12 7 3
35 50 3
7 15 2
4 39 2
95 41 3
33 25 3
6 86 2
44 18 3
21 19 3
10 13 3
54 69 3
28 4 1
45 39 2
58 88 3
95 46 3
20 71 2
91 20 3
80 9 1
88 51 3
41 12 3
90 51 1
51 27 2
97 8 3
16 88 1
61 34 2
57 33 3
69 13 1
91 93 3
80 75 3
55 14 3
62 31 2
72 87 3
56 60 3
62 33 2
1 80 3
61 90 2
13 70 2
20 47 3
42 31 2
50 21 3
97 69 3
83 79 1
20 52 3
23 2 3
93 47 1
33 71 2
41 2 3
72 61 3
95 22 3
75 29 3
33 91 3
13 93 2
49 9 3
19 10 2
97 43 3
35 19 3
49 6 2
19 33 2
63 69 3
16 69 1
10 96 2
35 61 3
77 28 2
92 78 2
25 39 3
70 11 2
20 32 3
75 26 3
41 53 2
58 71 3
69 73 3
85 15 1
47 88 2
97 24 3
68 54 3
25 93 2
85 22 3
31 55 1
94 10 3
57 20 3
45 97 2
48 38 3
37 100 3
27 43 3
84 15 2
93 48 3
14 76 2
36 35 3
11 42 3
21 36 2
9 24 3
81 76 3
96 10 2
26 12 2
43 52 3
20 83 1
40 48 2
38 89 3
9 87 2
53 59 3
60 86 3
31 88 3
89 65 2
86 82 3
57 24 2
67 54 2
74 3 3
17 63 3
9 79 2
3 32 3
58 19 2
27 80 2
91 35 3
73 61 3
39 47 2
95 12 3
54 51 2
83 21 3
73 88 3
37 58 1
23 76 2
86 35 3
35 79 3
22 98 3
46 82 3
22 18 2
81 15 2
3 88 3
54 49 1
97 40 3
49 40 3
89 34 1
55 9 3
43 17 3
40 100 1
55 35 2
5 34 3
77 32 2
95 6 2
89 79 3
84 62 1
21 78 2
36 84 3
40 70 1
40 74 2
97 60 3
88 82 2
92 30 3
41 66 3
99 58 1
15 80 2
6 28 3
66 54 1
5 27 2
68 55 3
4 9 2
6 2 3
38 66 3
75 57 2
89 40 3
32 48 3
87 31 2
99 70 2
44 13 3
93 2 2
43 63 2
98 28 3
87 78 2
42 75 3
81 27 3
20 3 3
38 70 2
21 83 3
73 28 2
38 22 2
57 4 3
43 21 1
15 50 2
82 59 3
19 86 2
59 10 2
80 50 3
74 41 3
3 4 2
59 94 3
74 2 3
22 4 2
30 47 3
38 65 2
78 72 2
36 61 3
12 21 1
35 81 3
60 88 3
98 82 2
68 80 3
74 21 3
54 21 2
65 36 2
55 59 3
98 19 3
42 54 2
33 81 3
28 93 1
85 24 2
13 84 3
9 5 1
40 55 2
69 84 3
48 59 3
38 13 2
16 91 3
27 46 1
45 63 3
46 86 3
35 29 2
74 49 2
78 71 3
66 100 1
40 90 2
74 45 3
73 54 2
40 46 2
55 51 3
59 65 2
47 75 2
21 91 3
87 59 3
16 46 2
27 76 3
87 34 2
64 86 3
1 43 3
21 42 1
14 89 2
99 34 3
56 84 3
69 48 2
9 2 3
34 45 3
83 10 2
35 32 3
16 24 3
77 12 3
51 53 3
75 52 3
89 83 2
36 91 3
94 85 1
58 73 2
19 57 3
3 11 3
76 82 3
1 78 3
80 91 1
94 27 2
72 68 3
99 9 1
21 14 3
20 26 3
89 87 1
91 8 2
16 17 3
33 57 3
48 26 2
37 70 3
54 26 1
46 78 3
55 91 3
92 55 1
92 39 3
35 88 3
31 24 1
53 35 2
15 21 3
89 12 1
3 99 2
82 26 3
10 37 1
48 23 3
37 16 3
98 17 3
57 18 2
50 65 3
7 76 2
47 6 2
60 73 3
74 79 1
80 18 2
64 43 3
39 72 2
60 40 3
92 33 3
39 37 2
56 86 2
55 85 3
96 19 2
31 69 2
47 14 3
99 25 2
87 29 2
61 45 3
8 91 2
22 100 2
19 55 3
22 34 1
49 29 2
71 86 3
53 43 3
63 59 2
64 2 3
13 14 3
43 22 2
94 16 3
87 64 3
37 81 2
45 95 3
54 78 2
66 58 2
64 40 3
96 78 3
97 83 2
84 43 3
20 46 3
24 64 2
13 8 3
13 69 1
23 86 3
17 50 3
91 31 2
83 66 2
52 59 3
77 25 1
61 59 3
48 75 3
54 87 1
1 79 2
8 17 3
63 57 1
54 91 2
8 45 3
34 37 1
93 89 3
28 51 3
23 98 2
14 75 3
45 41 3
15 38 1
74 90 2
39 9 3
79 50 2
7 77 2
31 63 3
47 97 1
32 58 3
47 40 3
77 92 3
52 37 2
97 87 3
82 44 1
67 97 2
90 76 3
85 64 2
60 93 3
93 39 3
26 83 2
38 50 2
88 64 3
36 46 3
2 54 2
32 4 3
52 53 2
25 79 3
37 48 3
45 14 3
96 54 2
84 11 3
63 49 3
40 68 2
43 35 3
74 18 2
35 92 3
56 71 3
98 45 3
57 99 3
16 80 3
54 63 3
90 42 2
16 64 3
5 18 3
71 61 2
61 96 3
94 71 3
58 9 3
39 78 3
63 100 1
63 86 2
86 53 3
77 4 2
60 18 2
35 26 3
79 98 3
74 84 2
77 52 3
38 8 1
84 79 2
59 61 3
82 71 1
44 100 2
81 35 3
41 30 2
75 6 2
57 76 3
32 80 3
5 94 2
36 67 3
56 94 3
42 19 2
78 36 3
47 23 3
97 64 3
2 26 3
54 70 2
68 81 2
84 100 3
28 71 3
32 7 2
23 73 3
55 6 2
11 10 2
13 40 3
92 73 1
91 21 3
28 59 3
95 25 1
61 75 3
67 94 3
85 82 2
51 74 2
96 68 3
54 52 2
75 81 3
61 10 3
87 62 3
68 36 2
14 17 3
20 24 2
23 55 2
6 93 3
17 61 1
71 31 3
51 72 3
54 58 1
30 32 3
60 50 3
37 67 2
58 34 2
62 34 3
32 33 3
69 2 2
51 44 3
84 94 1
45 18 2
43 42 3
33 54 1
89 56 2
29 90 3
86 39 1
73 25 2
32 21 3
45 11 3
23 53 3
15 51 3
67 58 1
18 26 2
57 78 3
53 57 1
84 47 2
79 35 3
58 38 2
67 81 2
54 65 3
21 79 1
23 35 2
59 5 3
20 30 1
16 41 3
74 70 3
78 74 3
46 85 3
62 87 3
92 23 2
45 46 2
1 16 3
28 43 1
51 69 2
4 83 3
64 94 2
47 9 3
57 69 3
57 15 1
42 34 3
51 52 3
71 69 2
39 62 2
5 65 3
2 37 1
20 85 2
43 53 3
71 22 2
47 39 2
44 10 3
47 19 2
56 6 2
75 48 3
78 23 1
35 17 2
26 67 3
21 89 2
32 85 2
58 75 3
86 45 1
83 86 2
67 77 3
63 72 3
74 19 2
95 38 3
55 31 1
63 67 2
48 94 3
79 63 3
92 47 3
84 31 3
54 47 1
41 98 2
86 27 3
11 91 3
72 54 2
25 98 3
73 65 2
16 86 3
35 100 3
37 97 1
74 28 2
35 68 3
69 50 2
22 26 3
78 79 3
55 30 3
79 76 2
27 45 3
47 4 3
74 40 2
97 94 3
26 72 3
44 53 3
17 48 3
1 70 1
88 26 2
95 34 3
98 43 2
73 42 2
88 86 3
13 68 1
61 38 2
95 83 3
41 82 1
11 22 2
21 50 3
92 72 3
74 82 2
99 60 3
90 89 1
55 98 2
71 10 3
64 13 1
7 27 2
79 24 3
75 82 2
9 41 3
72 58 3
38 94 2
17 49 3
78 6 3
16 40 1
26 18 2
45 98 3
31 20 2
66 56 2
23 29 3
54 92 1
5 66 3
1 11 3
35 91 3
92 97 2
85 36 3
15 89 1
52 73 2
6 51 3
13 49 3
88 35 3
22 50 3
58 21 2
2 30 3
73 13 3
33 49 3
79 54 3
41 62 3
28 31 3
93 33 2
43 18 3
26 10 2
42 94 2
21 24 3
75 56 1
25 3 2
68 92 3
60 34 1
35 70 3
18 13 3
11 27 2
19 92 3
99 45 3
55 40 2
43 5 2
54 74 3
3 86 3
81 65 2
52 30 3
70 75 3
95 79 3
19 20 3
40 16 1
1 92 2
15 31 3
4 28 1
85 17 3
14 57 3
16 72 3
3 90 2
16 63 3
52 98 2
38 37 3
57 79 3
16 12 3
28 91 3
32 14 3
31 75 2
94 45 3
54 57 3
90 14 2
32 24 2
26 77 3
91 79 3
37 43 2
98 69 3
27 68 1
48 46 3
40 26 3
45 50 3
90 64 3
42 56 3
52 40 1
17 62 3
21 41 3
63 52 1
44 43 2
92 22 3
59 88 3
48 19 3
83 8 3
12 70 2
62 46 2
34 72 3
9 23 1
49 96 2
22 61 3
98 5 2
77 82 2
4 95 3
8 40 3
35 28 2
44 28 3
24 31 1
39 35 2
66 26 3
71 47 2
62 90 3
85 40 3
2 23 3
25 52 2
24 14 3
96 22 3
34 59 2
79 49 3
69 41 2
45 4 2
35 41 3
7 97 3
44 42 2
43 11 3
42 69 1
18 57 2
44 8 3
97 49 1
19 9 2
10 89 3
46 62 2
82 84 3
94 26 3
17 72 1
85 28 2
82 10 3
44 99 1
80 88 2
42 25 3
99 41 1
88 72 2
39 64 3
72 51 3
61 85 3
4 89 3
13 5 1
99 11 2
56 69 3
40 56 3
47 5 2
96 80 3
54 25 3
73 71 2
26 16 3
1 4 1
4 16 2
94 19 3
82 89 1
33 98 3
46 5 3
18 8 2
99 79 3
67 14 3
1 57 1
74 77 2
24 92 3
81 47 2
78 83 2
74 69 3
85 79 3
59 43 3
72 100 3
19 12 3
71 43 2
31 77 3
87 16 3
52 14 3
70 52 3
7 65 2
57 39 2
11 2 3
61 70 1
81 49 2
4 86 3
20 53 3
95 50 3
64 46 3
85 55 3
43 23 2
5 54 3
47 37 3
91 88 2
87 15 3
5 89 1
92 40 2
67 62 3
65 72 3
28 81 2
90 47 3
45 15 2
8 78 2
7 49 3
40 52 1
28 27 2
84 80 3
70 6 2
31 42 2
84 89 3
37 42 2
45 62 3
59 67 3
99 37 1
6 84 3
71 54 3
37 55 2
15 65 2
53 88 3
27 51 2
65 69 2
89 50 3
83 53 3
62 96 3
30 29 3
46 16 2
33 72 3
3 74 3
48 88 3
20 64 2
71 5 3
87 99 2
28 83 2
95 96 3
89 22 2
19 46 2
90 57 3
31 97 3
27 11 2
88 93 3
35 52 2
92 93 2
18 16 3
26 50 1
65 38 2
25 6 3
60 7 1
87 74 2
32 52 3
10 35 2
43 100 2
80 89 3
76 58 1
54 38 3
27 54 3
63 47 1
15 23 3
60 87 3
20 4 1
3 40 2
77 91 3
63 83 3
2 93 2
92 44 3
70 69 3
72 7 2
44 87 3
51 97 3
3 60 2
65 17 3
34 13 2
25 62 3
65 6 3
68 13 1
93 97 2
99 51 3
12 4 1
69 62 3
67 12 3
70 60 3
52 50 3
52 31 3
48 2 2
20 82 2
40 87 3
24 27 1
85 70 2
88 12 3
86 97 3
54 84 2
38 52 3
22 56 2
85 75 3
96 4 3
19 11 1
61 23 2
39 31 3
9 43 2
54 94 2
7 58 3
52 34 1
99 80 3
5 30 3
3 41 2
67 9 3
27 65 3
32 57 2
67 34 3
40 5 3
97 12 2
59 20 3
75 19 3
10 42 2
29 31 2
22 5 3
69 34 1
61 92 2
11 29 3
24 33 3
31 30 3
1 97 3
47 89 3
82 30 2
61 3 3
78 73 1
22 21 2
92 4 3
39 71 3
91 53 2
79 25 3
90 26 1
88 89 2
64 61 3
14 28 3
56 12 2
56 65 3
53 86 3
39 23 2
78 66 3
45 77 1
85 2 3
32 55 3
88 57 1
26 48 2
80 30 3
66 73 1
30 39 2
4 67 3
73 66 1
70 55 3
22 48 3
66 98 3
6 63 2
72 89 3
36 30 1
23 60 2
68 7 3
9 96 3
2 55 3
76 66 3
44 72 2
77 33 2
30 97 3
48 91 1
11 63 3
77 38 3
22 63 1
29 35 2
95 7 3
77 83 2
53 78 2
45 23 3
33 35 2
76 92 3
10 21 3
77 3 3
67 33 2
74 50 3
54 89 3
65 43 2
20 75 3
63 8 2
31 13 3
2 74 3
2 31 1
31 46 2
61 16 3
82 25 2
29 74 2
54 24 3
14 7 3
93 16 2
25 87 3
64 56 1
89 13 3
78 46 3
67 52 3
87 9 2
98 50 3
75 80 3
1 30 2
75 93 3
6 89 1
80 29 2
65 55 3
17 67 1
47 22 2
27 100 3
8 75 1
77 5 2
15 68 3
90 86 1
35 47 2
72 73 3
64 62 3
53 16 2
71 70 3
12 20 2
14 90 2
89 47 3
89 48 3
5 6 2
80 13 3
13 29 2
19 35 3
98 57 3
18 87 3
77 62 2
50 14 3
58 27 1
54 71 3
28 47 3
58 12 1
58 3 3
56 39 3
88 98 1
39 59 3
21 95 3
65 83 2
51 38 3
28 70 3
10 93 2
97 98 2
38 82 3
30 26 1
26 13 2
50 7 3
8 86 1
21 35 3
17 33 3
26 34 3
65 68 3
27 97 3
69 51 2
13 99 3
75 42 3
76 26 2
24 59 2
3 15 3
71 19 3
82 31 2
63 44 3
53 74 1
80 73 2
41 5 3
87 96 1
17 84 2
63 41 3
89 60 2
19 8 3
61 57 3
53 69 1
35 77 3
33 18 3
17 58 3
1 88 2
93 21 3
80 42 1
42 10 2
6 82 3
31 45 3
46 69 3
19 21 3
47 17 3
70 93 3
18 49 3
84 35 3
33 2 2
82 52 3
20 14 2
98 23 2
8 7 3
68 45 3
5 75 2
24 2 3
77 68 3
8 21 3
67 100 3
50 59 1
71 79 2
28 57 3
17 79 1
87 83 3
29 3 3
93 92 2
57 75 2
50 39 3
34 78 2
32 15 2
60 62 3
23 84 3
36 51 3
40 34 3
55 5 3
96 94 2
50 25 3
18 31 1
25 55 2
46 36 3
50 70 2
23 11 3
63 81 3
4 35 3
91 16 3
59 85 3
36 72 1
19 47 2
12 6 3
2 12 3
42 93 2
20 69 3
66 64 1
92 26 2
76 62 3
70 45 2
95 86 2
88 42 3
42 6 1
73 53 2
46 41 3
40 93 3
15 75 3
81 79 3
49 20 1
28 88 2
48 76 3
25 73 2
70 88 3
11 36 3
79 89 3
80 53 3
12 31 3
61 44 2
33 45 2
78 7 3
20 80 2
21 26 2
20 15 3
83 62 1
88 83 2
91 7 3
9 99 1
83 57 3
51 36 3
89 36 1
52 99 3
19 15 3
71 36 2
97 14 2
47 52 3
6 7 1
91 67 2
47 77 3
19 93 1
57 5 2
25 5 3
88 3 3
93 51 2
94 58 3
41 92 1
72 39 2
50 18 3
51 21 2
91 30 2
94 29 3
59 51 3
88 62 2
18 30 3
73 18 3
25 70 2
47 92 3
43 90 2
62 92 3
89 70 3
9 90 3
5 69 3
54 88 3
63 68 3
67 4 3
60 43 3
91 59 3
22 76 2
53 31 3
31 100 1
60 46 2
55 48 3
18 23 3
6 49 2
9 47 3
51 35 3
86 92 2
73 55 3
16 35 3
10 69 2
88 31 3
55 63 3
72 82 3
33 7 3
93 96 1
94 36 2
8 49 3
40 98 1
83 43 3
77 97 3
62 60 3
53 99 2
50 29 3
99 84 2
85 96 2
16 55 3
13 18 3
25 82 2
92 62 3
92 45 3
60 95 3
66 47 3
49 31 1
66 7 3
85 23 3
19 24 2
46 64 3
78 69 3
15 61 2
68 84 2
71 96 3
38 85 3
4 82 2
51 40 3
34 12 3
22 36 2
96 15 3
19 26 1
26 27 2
82 76 3
23 46 1
15 71 2
85 42 3
15 22 2
41 27 2
18 79 3
39 79 2
97 59 2
9 65 3
14 96 2
67 74 2
15 90 3
71 20 2
14 68 3
26 38 3
99 98 1
22 43 2
79 34 3
5 70 3
64 9 2
87 52 3
49 68 3
10 16 2
31 58 3
96 7 3
11 47 2
14 45 3
41 7 1
88 8 2
27 89 3
51 71 3
71 40 2
39 70 3
46 55 1
85 88 2
30 61 3
8 82 3
6 70 2
10 14 3
36 62 2
32 34 2
25 60 3
98 93 3
32 96 2
20 73 3
32 54 3
97 10 2
95 40 3
63 34 3
90 34 2
75 66 3
9 37 1
66 14 2
65 52 3
87 89 1
87 8 3
40 99 3
86 58 1
90 79 3
65 63 3
47 62 3
6 13 2
82 8 3
30 89 2
61 52 3
39 18 3
61 7 3
79 26 3
36 28 3
86 94 3
14 43 3
71 4 3
83 45 1
1 46 2
20 29 3
61 20 1
27 93 2
38 54 3
69 78 3
14 81 3
15 56 3
63 30 2
2 79 2
34 80 3
33 43 1
52 84 2
1 34 3
21 66 2
10 27 2
97 46 3
56 74 2
78 86 2
95 84 3
90 54 3
76 14 2
9 68 3
92 12 2
92 63 2
59 37 3
32 51 2
3 66 3
1 8 3
49 27 1
91 56 2
22 19 3
30 17 3
72 2 2
30 55 3
78 30 1
23 20 3
46 50 3
58 62 2
15 17 2
47 64 3
81 59 1
52 6 3
65 19 3
23 50 3
83 25 3
62 75 3
40 6 2
53 61 3
50 80 3
13 64 1
52 35 2
2 49 3
98 88 1
12 86 3
81 85 3
42 80 1
82 58 2
52 75 3
89 6 1
73 75 2
89 19 3
15 40 2
67 15 2
80 84 3
12 45 1
59 44 2
67 51 3
5 14 1
35 55 2
63 56 3
56 53 3
6 24 2
86 65 3
11 32 3
75 58 3
16 96 3
27 23 2
71 99 2
10 82 3
51 50 2
91 14 2
28 19 3
1 84 1
11 43 3
3 20 3
61 99 1
74 66 2
3 82 3
84 85 1
58 94 3
83 82 3
1 19 1
28 30 3
74 62 3
16 100 1
53 19 3
95 5 3
9 17 1
31 73 2
29 46 3
89 28 3
91 47 2
21 38 3
23 9 1
40 14 2
73 99 3
54 16 2
41 17 3
44 11 3
89 49 2
18 75 3
62 81 3
29 18 3
11 57 2
64 49 3
23 36 2
96 33 2
22 68 3
5 41 3
26 43 2
82 69 3
59 86 3
1 98 2
37 20 3
42 65 2
56 16 3
54 45 3
66 4 3
56 54 2
21 93 3
2 72 2
13 59 2
28 12 3
7 60 1
41 15 3
32 50 3
97 37 1
84 53 2
29 56 3
94 70 2
12 85 2
25 94 3
15 26 1
78 47 3
57 31 3
46 22 1
50 3 2
88 36 3
92 8 2
3 50 2
41 50 3
39 51 2
20 74 2
10 6 3
65 9 3
49 15 3
42 53 3
45 33 2
99 29 3
58 4 3
73 35 3
91 54 2
75 64 3
33 100 1
15 70 3
29 79 3
79 71 2
99 87 2
31 52 3
96 52 2
40 83 3
36 75 3
92 70 3
15 55 2
28 7 3
52 68 2
45 43 2
46 87 3
9 72 3
39 56 3
30 2 3
42 38 1
94 89 2
83 7 3
35 53 2
11 73 3
17 85 3
45 82 1
28 18 2
81 48 3
44 32 2
81 96 2
93 60 3
87 88 2
40 10 2
86 20 3
74 88 1
54 20 3
71 62 3
31 70 1
15 83 2
66 78 3
23 8 1
6 59 2
46 97 3
64 75 3
57 30 3
24 52 3
27 16 1
5 36 3
88 25 3
34 30 1
29 62 2
15 42 3
96 70 1
20 56 3
28 45 3
4 22 2
65 13 2
12 98 3
29 32 2
77 60 3
19 52 3
46 61 2
62 58 2
8 66 3
14 73 1
27 47 2
34 21 3
67 66 1
52 48 3
39 40 3
24 11 3
28 2 2
53 56 3
14 92 1
6 39 3
87 93 3
62 28 3
6 29 2
4 62 3
78 98 2
12 18 2
32 69 3
37 62 1
53 81 2
21 53 3
49 81 2
33 83 2
93 94 3
81 19 1
90 94 3
52 97 3
17 22 1
73 52 2
24 10 3
56 72 1
91 44 3
12 16 3
65 30 1
10 2 3
62 78 3
59 14 3
56 17 2
59 22 3
84 26 2
25 61 3
68 14 3
57 46 1
83 96 2
12 90 3
67 53 2
29 70 3
95 89 3
15 6 2
17 95 2
91 75 3
14 48 1
50 20 3
14 4 3
60 4 3
90 6 3
48 13 3
25 13 1
39 75 3
3 37 3
71 56 3
74 36 2
99 21 3
58 97 1
85 76 2
7 100 3
4 21 2
65 41 3
81 12 3
55 82 3
56 37 3
14 16 3
67 72 1
62 5 2
41 23 3
23 62 2
78 52 2
58 31 3
5 100 1
45 32 3
63 97 3
57 25 3
20 63 2
12 73 3
31 76 1
50 75 2
49 3 3
76 94 1
15 82 2
31 86 3
58 26 3
29 11 3
69 77 3
27 52 3
7 42 2
11 15 3
95 8 1
35 37 3
16 85 3
57 72 1
32 22 3
41 8 3
29 15 1
45 24 2
30 51 3
23 87 3
55 75 2
33 82 3
89 16 2
63 93 2
59 48 3
62 10 3
49 99 2
93 73 3
13 85 3
16 11 2
34 15 3
99 76 2
52 13 2
29 72 3
12 3 3
59 76 2
32 75 3
52 94 3
37 74 2
78 61 3
53 90 1
17 42 2
58 25 3
61 43 1
40 66 2
83 67 3
60 32 1
70 94 2
73 46 3
40 76 2
61 81 2
22 86 3
79 56 3
13 97 2
71 29 3
23 83 3
18 84 2
2 25 3
48 64 3
33 66 3
94 81 3
7 22 2
1 20 2
23 12 3
39 7 1
20 99 2
73 100 3
97 77 3
6 64 2
5 2 3
3 38 1
52 58 2
6 57 3
4 85 1
18 12 2
42 83 3
69 57 3
53 100 2
54 36 3
17 55 3
24 4 2
75 85 3
82 45 1
73 33 2
5 86 3
1 69 1
85 10 2
94 18 3
82 97 2
9 76 2
74 32 3
26 52 3
29 9 2
50 78 3
16 21 1
30 27 2
8 72 3
8 61 2
29 81 2
43 97 3
83 85 2
32 38 2
20 34 3
53 73 2
9 83 2
55 74 3
57 12 2
7 16 2
8 15 3
69 72 2
96 61 3
87 65 3
87 85 2
43 13 2
73 20 3
73 78 1
37 85 2
51 10 3
52 16 3
52 91 2
57 36 3
43 93 1
29 43 2
93 75 3
19 100 1
5 49 3
16 14 3
19 77 3
55 84 2
72 6 3
85 67 2
3 36 2
24 12 3
71 33 2
12 36 3
93 3 3
99 38 1
2 35 2
67 20 3
47 7 3
43 15 2
3 75 3
36 34 3
4 91 2
98 44 3
83 68 2
75 76 3
54 61 3
4 13 2
47 16 2
17 2 3
22 13 1
90 61 2
87 41 3
79 48 1
8 88 2
12 91 3
17 25 3
42 30 2
54 100 3
99 89 1
14 25 3
33 46 3
88 16 1
58 30 2
80 40 3
89 3 1
31 68 2
11 45 3
97 5 2
29 7 2
32 45 3
48 14 1
31 98 2
58 79 3
61 47 2
29 17 2
45 80 3
89 29 1
21 30 3
7 47 3
97 17 3
68 46 2
18 5 3
29 12 2
77 81 2
39 83 3
8 9 1
77 70 2
61 84 3
68 93 3
62 59 3
75 23 3
54 76 1
48 6 2
84 41 3
45 19 3
55 27 2
94 41 3
13 27 2
74 47 2
42 50 3
26 82 3
71 25 3
72 26 3
68 94 3
66 61 2
8 48 3
41 87 3
5 74 2
81 54 3
19 13 1
38 61 2
28 58 3
15 95 3
1 73 2
72 52 3
53 91 2
73 86 3
13 89 3
41 67 2
36 33 2
30 84 3
94 62 2
24 30 2
62 17 3
62 83 1
86 57 2
49 66 3
46 32 1
77 40 2
33 16 3
73 85 2
6 55 2
97 33 3
26 88 2
15 69 2
83 49 3
97 6 1
41 56 2
84 57 3
9 60 2
4 44 3
17 13 3
10 20 2
24 15 2
43 64 3
27 71 1
83 26 2
9 74 3
26 41 2
90 23 2
15 39 3
36 37 3
17 23 2
54 12 3
64 53 1
78 54 2
9 91 3
29 27 2
39 28 3
11 31 3
11 49 3
34 56 3
93 69 3
22 60 1
90 28 2
81 74 3
15 43 2
95 4 3
59 39 3
47 63 1
43 30 3
52 66 3
66 40 2
63 36 2
24 46 3
43 39 3
5 20 2
17 92 3
63 98 1
31 56 3
31 14 3
57 100 1
91 15 2
90 37 3
94 91 2
39 42 3
57 65 3
2 5 3
98 83 3
70 92 3
49 80 2
91 22 2
90 8 3
58 28 3
57 85 2
67 78 3
63 96 3
31 25 3
96 88 3
92 37 2
48 5 2
8 41 3
70 13 2
28 55 3
63 17 3
17 80 3
82 56 3
30 88 3
16 95 1
40 37 2
55 41 3
98 10 2
87 75 3
93 70 3
26 37 2
25 7 2
39 6 3
64 50 2
76 74 2
83 74 3
15 25 3
67 73 2
78 40 3
19 79 2
94 5 2
62 25 3
2 50 1
51 2 2
82 67 3
65 60 1
13 46 2
21 84 3
68 69 1
56 41 2
60 28 3
4 51 1
49 46 3
56 20 3
94 39 1
53 58 2
87 26 3
34 20 3
86 95 2
14 42 3
66 75 3
69 82 3
68 15 3
23 5 3
77 98 2
45 92 3
93 83 2
34 7 2
93 58 3
69 53 1
98 68 3
48 100 3
54 96 2
16 54 2
25 38 3
84 70 3
65 78 2
23 28 3
69 64 2
95 2 2
51 100 3
91 50 1
30 4 2
57 44 3
68 22 3
13 88 3
40 13 3
4 37 1
11 69 2
14 13 3
48 37 3
76 55 2
49 95 3
55 19 3
80 5 3
12 5 3
31 2 1
46 4 3
3 78 3
85 56 3
47 11 2
54 22 3
38 62 2
50 81 2
6 61 3
10 15 3
40 7 3
86 80 3
66 34 1
64 85 2
14 65 3
52 87 3
65 62 3
94 6 3
68 78 3
76 24 3
72 16 3
93 53 1
20 87 2
43 75 3
79 77 3
18 17 2
4 66 3
44 34 1
43 88 3
21 94 3
33 99 3
73 51 3
39 34 3
13 25 1
46 26 2
13 86 3
68 61 2
76 16 3
98 54 3
33 39 1
61 54 3
86 59 3
44 2 2
18 100 2
82 24 3
53 13 1
61 82 3
4 70 3
20 58 2
90 55 2
20 89 3
56 67 2
14 74 2
16 98 3
70 21 3
56 87 2
49 11 3
75 25 2
29 80 2
30 19 3
80 15 2
4 30 2
76 34 3
79 64 1
2 86 2
90 82 3
8 70 2
89 41 3
62 54 3
30 65 1
27 2 3
80 90 3
34 70 1
27 13 2
57 97 3
99 23 1
82 70 2
99 59 3
69 17 1
30 77 3
87 47 3
46 43 1
4 98 3
17 97 3
33 68 1
69 71 2
72 63 3
88 33 3
82 85 2
20 17 3
47 68 2
14 18 3
45 52 3
24 38 2
81 9 2
1 53 3
11 76 3
82 90 3
23 64 3
59 13 2
80 98 3
36 50 3
35 60 1
36 43 2
33 37 3
2 32 1
24 32 2
98 27 3
22 49 1
36 25 2
45 44 3
78 41 1
23 89 3
94 56 3
50 85 3
15 66 2
4 46 3
77 55 1
72 84 2
62 47 3
28 60 3
20 2 2
79 88 3
26 99 2
73 3 2
3 94 3
53 63 3
25 58 3
52 61 3
17 9 1
45 29 2
25 44 3
2 66 1
89 11 3
95 81 3
37 4 1
7 98 2
37 66 3
61 55 2
42 98 2
29 10 3
40 2 1
58 23 2
55 2 3
85 21 3
72 4 3
95 55 3
67 30 3
75 11 2
1 50 3
24 77 2
78 2 2
94 90 3
5 73 1
2 48 2
94 82 3
26 17 1
71 35 2
37 18 3
84 49 2
22 57 2
3 91 3
73 31 2
25 76 2
36 13 3
38 14 2
79 27 2
45 67 3
40 88 3
52 93 2
72 65 3
56 23 3
71 32 2
63 95 3
62 66 2
60 68 2
16 20 3
63 24 1
11 58 3
68 58 3
20 33 3
35 63 2
32 59 3
8 85 3
47 21 3
38 36 3
55 69 2
48 57 2
1 66 3
10 51 3
48 61 3
82 86 3
96 37 1
91 29 2
28 6 3
92 14 1
61 46 2
14 94 3
5 9 1
74 68 3
76 100 3
7 86 3
48 32 3
43 94 3
32 60 1
39 81 2
34 43 3
26 91 2
47 29 2
71 11 3
41 95 3
13 21 3
31 93 3
37 99 1
43 98 2
35 46 3
77 75 3
1 40 2
70 43 3
45 58 1
96 89 3
2 8 3
73 63 2
5 98 2
31 71 3
53 27 1
86 25 3
12 77 3
96 75 3
26 76 2
6 79 3
10 50 3
39 95 3
52 79 3
51 76 2
24 34 2
3 35 3
87 3 3
84 16 2
68 77 3
18 52 3
67 6 2
23 48 3
11 79 1
96 16 3
12 59 3
46 37 2
25 30 2
61 2 3
17 83 1
54 7 2
78 5 3
34 91 1
72 66 2
4 26 3
56 81 3
40 25 2
72 96 3
46 23 1
22 12 2
69 3 3
47 100 1
73 12 3
72 48 3
14 6 2
12 97 2
59 46 3
75 51 3
62 89 2
39 89 3
6 32 2
29 97 2
19 89 3
94 84 1
83 22 3
64 51 3
18 45 2
94 96 2
19 39 3
41 31 1
59 33 3
78 3 3
94 65 1
13 41 3
31 4 3
95 100 1
88 87 2
17 59 3
91 10 3
83 28 2
86 7 3
45 5 2
31 19 2
75 60 3
27 10 2
31 91 2
61 50 3
82 79 3
36 23 2
66 32 3
93 46 3
81 92 2
78 44 3
99 20 2
78 65 2
98 33 3
35 98 1
99 50 3
47 32 3
34 65 2
1 95 2
74 65 3
2 99 2
82 37 3
73 91 3
73 62 2
88 80 2
27 73 3
98 95 3
58 91 3
8 87 3
78 63 2
85 83 2
84 4 3
81 41 2
22 82 2
31 84 3
69 81 1
95 10 2
97 44 3
25 23 1
33 77 2
94 59 3
94 66 3
88 78 2
47 48 3
49 73 2
89 33 2
11 52 3
96 95 3
76 8 3
56 8 3
22 47 2
17 51 2
45 90 3
5 16 1
93 26 2
76 41 3
14 61 1
47 76 2
48 49 3
77 59 2
20 72 2
28 32 3
87 17 2
79 78 3
7 26 3
63 50 3
29 13 2
7 61 3
13 37 2
72 97 3
50 98 3
97 3 3
94 14 3
8 83 3
65 51 1
75 55 2
33 94 3
18 9 3
84 77 3
33 24 3
50 58 2
97 68 2
43 76 3
53 75 3
81 18 3
16 56 3
12 84 3
53 32 2
29 73 3
44 12 2
5 52 2
73 95 3
63 46 3
55 32 3
5 63 3
72 46 1
62 76 3
79 10 3
21 7 1
84 99 2
27 66 3
51 3 3
14 97 2
55 34 3
79 38 2
33 29 2
38 12 3
90 66 2
19 97 2
22 39 3
81 73 1
93 99 2
7 14 3
51 60 2
52 92 2
91 83 3
77 67 3
85 57 2
12 19 3
58 70 3
93 49 3
71 7 3
50 46 3
77 88 2
16 62 3
99 46 1
94 4 2
59 62 3
61 76 2
76 52 2
22 33 3
70 49 2
49 84 2
3 8 3
62 43 2
2 87 3
72 43 3
59 15 1
30 14 3
87 23 3
68 42 3
71 75 3
23 66 3
96 85 2
12 69 2
74 52 3
19 61 2
61 42 3
86 16 3
96 2 3
3 6 2
73 43 3
84 17 2
67 86 3
9 15 3
68 35 3
90 93 3
98 46 3
51 84 3
40 78 3
5 80 3
24 44 3
39 41 2
4 80 3
96 8 2
76 96 2
2 47 3
21 39 3
6 40 2
91 68 3
65 84 2
6 58 2
79 58 3
11 53 2
52 96 2
15 44 3
14 32 3
81 45 2
52 81 3
43 95 3
87 40 3
59 96 3
66 67 1
97 41 3
22 96 3
74 86 1
46 73 3
66 36 3
7 17 1
5 82 2
42 68 3
80 22 1
94 64 2
4 52 3
62 53 3
20 79 2
3 13 3
7 88 3
87 53 2
46 75 3
96 93 1
7 28 3
99 92 3
45 86 1
67 31 2
66 76 3
72 56 1
49 56 3
91 65 3
79 43 1
73 17 2
95 31 3
58 76 1
32 72 2
67 75 3
51 5 2
39 38 2
13 28 3
74 80 1
33 30 2
4 47 3
47 93 1
57 50 2
54 62 3
81 25 2
36 45 2
72 99 3
6 99 3
54 39 3
64 34 3
82 29 2
30 41 2
72 40 3
98 35 1
19 51 3
10 91 3
92 18 2
20 12 2
88 2 3
34 25 3
93 72 2
47 13 3
31 23 1
87 14 3
43 8 3
16 26 3
78 15 2
58 78 3
41 99 1
34 93 3
57 64 3
27 61 3
34 31 2
19 63 3
29 40 3
40 45 3
59 66 3
49 35 3
35 10 2
45 13 3
52 5 2
43 62 2
60 54 3
38 29 1
84 54 2
52 8 3
30 93 1
56 47 2
56 88 3
55 45 2
63 61 2
53 98 3
87 24 1
99 24 3
66 39 3
10 99 1
1 75 2
26 79 3
26 100 1
87 72 3
41 88 3
82 92 1
76 51 2
60 94 3
21 16 1
57 32 2
75 87 3
12 8 1
15 99 3
58 95 3
8 12 1
57 71 2
56 85 3
73 90 1
38 46 3
72 74 3
29 20 3
5 25 3
49 5 3
36 57 3
41 80 3
16 25 3
79 32 3
11 48 2
60 82 3
19 28 3
29 94 3
95 20 3
45 75 1
77 43 2
41 28 3
44 88 1
15 5 2
98 60 3
15 59 1
67 36 3
99 36 3
28 23 3
2 36 2
73 79 3
51 85 1
1 24 2
8 71 3
27 74 2
2 56 2
90 19 3
49 59 3
4 24 2
69 22 3
44 20 1
67 56 2
82 43 3
39 58 2
50 69 2
25 84 3
46 17 2
94 61 3
53 77 3
29 36 2
96 58 3
3 57 3
81 95 3
81 37 2
28 49 3
60 23 2
9 97 2
60 74 3
26 78 2
2 28 2
65 24 3
29 88 1
18 34 2
5 61 3
92 68 3
77 16 3
18 39 3
36 63 2
67 60 3
68 51 3
6 62 3
98 18 3
60 17 3
37 91 1
49 34 3
2 24 3
49 22 1
5 46 3
66 35 3
55 65 3
12 92 2
69 70 3
52 32 3
79 19 2
36 78 3
81 17 1
96 6 3
47 26 3
84 86 2
82 99 2
95 48 3
2 63 2
49 26 3
98 64 3
89 43 3
11 55 2
26 5 3
99 61 1
43 9 2
72 28 3
18 28 2
78 87 2
22 64 3
15 85 1
96 82 2
31 15 3
93 19 1
98 32 2
15 10 3
60 65 1
25 47 2
53 85 3
77 45 1
51 39 2
52 26 3
53 10 1
47 86 2
72 90 3
59 79 3
16 44 2
13 67 3
55 64 1
51 14 2
84 88 3
11 6 2
32 77 2
29 39 3
28 79 1
71 26 2
32 95 3
57 66 3
86 30 2
13 20 3
70 18 3
34 48 2
62 69 3
21 31 2
47 73 2
42 24 3
30 64 1
4 10 2
84 8 3
14 46 1
17 24 2
73 9 3
78 21 2
32 65 2
78 68 3
8 23 1
47 67 3
58 59 3
52 69 1
61 18 2
72 53 3
87 21 2
91 84 3
53 24 3
34 76 3
74 37 2
43 24 3
90 4 1
52 55 2
68 82 3
30 34 1
28 53 2
23 51 3
87 50 1
45 37 2
68 74 3
23 16 1
16 71 2
79 44 3
76 42 2
22 94 3
38 87 3
49 94 1
97 55 2
37 73 3
25 80 3
78 32 2
57 41 3
96 43 1
94 30 2
12 76 3
94 54 2
82 11 2
9 40 3
98 42 2
80 61 3
10 22 3
5 60 3
6 11 2
1 93 3
59 47 1
37 80 2
61 73 3
44 54 2
56 15 3
6 38 3
26 31 3
57 91 2
77 2 3
33 53 3
12 61 2
30 16 3
68 89 1
59 83 2
59 40 3
23 70 2
40 92 2
77 27 3
47 8 1
30 86 2
96 3 3
13 22 1
54 13 3
65 35 3
94 7 3
27 48 2
85 60 3
76 70 2
96 84 2
37 82 3
42 48 2
82 88 2
8 30 3
12 26 2
67 90 3
87 27 3
54 66 1
27 28 2
97 21 3
63 31 3
10 7 2
19 30 3
74 7 1
27 20 3
58 89 3
98 40 1
24 35 2
33 55 3
91 48 1
79 70 2
24 9 3
60 85 3
29 4 2
59 18 3
47 59 1
48 66 3
8 97 3
55 93 3
6 15 2
58 55 3
10 55 2
56 27 3
19 23 3
39 14 2
26 97 3
39 48 3
73 16 1
88 94 3
22 81 3
44 92 3
68 47 2
50 72 3
10 39 2
54 5 3
72 14 3
78 4 2
46 60 2
67 64 3
12 41 3
37 26 2
85 14 3
14 69 1
33 10 2
18 29 3
12 35 2
12 93 2
87 58 3
2 65 2
9 19 2
56 100 3
41 21 3
27 6 2
65 88 3
64 29 3
65 7 2
25 15 3
1 99 1
97 38 2
37 95 3
5 79 1
19 3 2
52 45 3
8 69 2
36 24 3
39 24 3
2 83 3
15 72 3
64 98 3
67 87 1
17 18 2
3 22 3
98 13 3
83 88 2
72 38 3
41 60 2
55 4 2
91 77 3
51 34 1
90 29 3
94 28 3
71 6 2
93 79 2
58 7 3
20 11 1
88 92 2
80 86 3
61 22 3
43 74 3
46 48 3
89 97 1
66 72 2
3 93 3
73 89 2
49 18 3
14 30 3
77 49 2
10 85 2
67 19 3
28 66 1
13 48 3
30 49 3
11 28 3
14 71 3
55 56 3
3 24 3
25 18 2
99 6 3
42 90 2
22 35 3
32 12 3
53 54 3
69 35 2
19 85 3
79 17 1
79 2 2
11 62 3
22 3 3
11 96 3
91 33 3
12 27 3
81 91 2
70 87 3
59 17 3
62 70 2
10 34 3
79 28 1
53 67 2
58 32 3
42 78 2
16 37 3
73 38 3
73 26 1
10 59 2
20 55 3
28 64 2
29 84 3
55 80 3
65 97 3
28 99 2
21 34 3
64 26 2
13 81 2
72 59 3
44 46 2
18 94 3
10 63 3
36 94 2
39 67 3
68 70 3
50 37 2
35 5 2
2 57 3
93 61 1
76 85 2
14 98 3
2 82 2
51 15 3
33 61 3
4 33 1
45 38 2
79 37 3
58 33 1
86 52 3
1 9 3
91 100 1
63 73 2
92 43 3
1 14 1
69 59 2
43 49 3
80 72 3
9 29 2
42 20 3
10 80 1
66 62 2
74 38 3
65 28 1
49 77 2
29 96 3
54 34 3
11 64 2
89 100 3
37 6 1
62 38 2
62 21 3
63 21 2
13 4 2
78 38 3
29 24 2
12 47 2
24 91 3
33 34 2
64 7 3
18 48 3
87 36 1
5 51 2
71 84 3
82 32 3
76 86 2
86 73 3
62 99 3
93 52 2
40 8 3
62 2 2
24 73 2
4 71 3
13 61 2
61 13 2
93 40 3
7 44 3
82 7 2
30 81 3
57 98 3
37 32 3
65 14 3
11 9 2
77 96 3
45 72 3
76 68 2
11 21 2
28 9 3
2 17 3
86 5 3
96 21 3
76 31 1
9 85 2
78 94 3
89 99 1
70 79 2
3 83 3
32 42 3
85 30 2
42 67 3
88 85 2
28 75 2
95 52 3
98 89 3
34 27 2
85 54 3
39 94 1
34 68 2
50 12 3
49 53 2
84 18 2
33 27 3
7 41 1
69 55 2
7 81 3
44 19 1
99 3 2
41 75 3
48 60 3
91 57 2
34 6 3
18 21 1
87 49 3
39 54 3
80 10 1
9 10 2
51 79 3
26 54 1
77 42 3
11 26 3
80 2 1
7 95 3
69 91 3
24 5 3
19 2 3
67 96 3
70 40 1
81 68 2
34 63 3
35 56 1
61 86 2
96 91 3
23 31 1
46 80 3
30 56 3
98 29 1
35 12 2
13 74 3
61 71 2
62 26 3
1 82 3
32 10 1
98 16 3
60 55 3
92 51 2
65 64 2
25 92 3
6 5 2
23 100 2
91 62 3
21 10 3
29 28 2
76 88 3
21 69 2
95 73 3
69 40 3
7 54 2
15 20 3
7 43 3
82 15 2
95 23 3
30 43 3
27 49 1
49 39 2
52 62 3
82 20 2
75 90 3
4 15 3
95 16 1
51 32 2
32 56 3
79 6 3
48 54 3
25 88 3
37 90 3
15 67 2
4 60 3
52 17 1
5 12 3
75 39 3
21 5 2
20 41 2
87 39 3
14 100 1
58 63 2
80 99 3
97 92 2
41 25 2
99 14 3
82 83 3
90 21 3
24 86 3
38 91 1
97 99 3
1 29 3
15 32 2
85 77 2
49 86 3
8 35 1
20 38 3
47 95 3
10 40 2
66 52 3
17 19 3
65 8 1
35 59 2
95 19 3
83 11 3
20 8 3
6 41 3
83 47 2
65 34 2
44 71 3
93 32 1
65 42 2
77 29 3
41 70 3
21 86 2
36 86 3
75 5 2
37 65 2
96 77 3
89 63 1
5 10 3
50 74 3
76 15 1
69 8 2
17 71 3
82 4 2
75 38 2
39 65 3
60 2 2
13 34 2
66 20 3
30 54 1
47 41 3
26 23 3
37 2 1
96 81 2
91 74 3
80 76 1
31 57 3
74 89 3
58 93 3
47 83 2
42 61 3
60 21 1
39 50 3
51 66 3
86 32 2
24 8 2
57 13 3
70 83 3
42 49 2
27 56 3
63 9 2
88 19 2
35 38 3
4 63 1
40 77 2
6 34 3
4 12 1
48 50 2
21 37 3
41 78 1
47 66 3
83 52 3
8 10 3
15 47 2
5 8 3
53 95 2
18 40 2
54 32 3
69 30 3
15 87 3
41 40 3
78 19 1
67 68 3
83 18 3
62 85 3
47 74 2
31 89 3
5 91 1
13 35 3
33 59 3
17 100 1
28 35 2
73 36 3
40 4 2
23 38 2
28 3 3
77 87 3
22 89 2
64 4 3
18 24 3
36 82 3
99 74 3
36 44 3
25 65 3
30 10 3
51 96 3
5 32 2
51 43 3
98 97 2
44 60 2
22 65 3
95 36 3
68 41 2
13 17 3
53 4 3
8 53 2
1 96 3
19 25 3
73 19 2
20 88 3
31 50 2
62 93 2
59 38 3
99 40 3
91 26 2
41 9 3
20 28 1
89 78 2
40 82 3
36 11 3
89 24 2
19 27 3
51 11 3
63 13 3
30 68 3
62 79 3
92 38 2
66 94 3
75 27 1
4 29 2
19 43 3
73 57 1
74 56 2
4 61 3
27 38 2
13 56 2
58 80 3
91 99 1
41 69 2
2 6 3
97 79 3
74 35 2
87 61 3
18 46 1
81 38 2
27 35 3
76 38 2
25 50 3
37 53 3
84 78 3
80 3 3
11 54 3
9 27 2
53 72 3
92 5 3
32 68 3
26 80 3
69 26 3
6 8 1
26 53 2
10 61 3
12 55 1
69 29 3
72 75 3
36 39 2
63 74 2
17 54 3
19 73 2
59 54 2
81 72 3
58 90 3
53 3 2
84 37 3
64 44 3
89 67 3
39 92 3
73 56 2
55 42 3
68 6 3
83 60 2
56 95 2
98 71 3
7 53 3
53 37 3
12 53 3
38 40 3
14 80 2
85 25 3
71 78 3
95 64 2
44 96 3
78 37 3
50 64 2
68 37 3
12 13 2
24 40 2
49 98 3
89 25 1
21 59 3
45 6 3
69 44 2
75 91 3
7 46 3
18 66 1
60 99 3
86 91 3
74 6 3
74 5 2
45 56 3
59 89 3
24 29 2
71 95 3
98 25 3
77 50 3
85 100 3
13 66 2
57 2 3
3 87 3
78 100 1
37 89 2
34 55 3
16 49 2
96 66 2
11 39 3
93 4 3
21 15 3
97 35 3
7 74 1
9 35 2
80 17 3
78 29 2
8 13 3
6 74 3
25 16 3
76 33 2
25 34 3
25 4 1
82 57 2
51 91 3
40 42 2
72 3 2
86 71 3
70 4 3
11 44 3
